#nice form matmul

500   8.8940892004757188E-002   1.3977038994198665E-002
1000   2.4284607992740348E-002   2.3653290001675487E-002
1500   3.4182153001893312E-002   4.6088068003882654E-002
2000   5.0523557991255075E-002   7.4611325995647348E-002
2500   7.4362258004839532E-002   0.1098330739914672     
3000   9.6663007992901839E-002   0.1491323320078664     
3500   0.1329864220024319        0.1999984959984431     
4000   0.1598794309975347        0.2583855440025218     
4500   0.2094298459996935        0.3278563890053192     
5000   0.2466273050085874        0.3925975500023924     
5500   0.3138428929960355        0.4998538120125886     
6000   0.3580870279984083        0.5848775610065786     
6500   0.4427966439980082        0.7463283219985897     
7000   0.5077738789987052        0.8501468790054787     
7500   0.5839156849979190        0.9405132550018607     
8000   0.6405698720045621         1.053942432001350     
8500   0.7472141290054424         1.183516724995570     
9000   0.8471514690027107         2.314149804005865  


#bad form matmul 
