   2.9627699404954910E-008    200502.7124956798        5.5706550483591855E-012 
   5.3574922276311554E-012   1.5546675058430992E-011   1.7919887795869727E-011 
   9.0807361630140804E-012   9.1091578724444844E-012   9.0878415903716814E-012 
   9.5923269327613525E-012   1.0537348771322286E-011   1.3088197192701045E-011 
   1.1034728686354356E-011   7.8372863754339051E-012   8.2138740253867581E-012 
   7.7378103924274910E-012   6.8283156906545628E-012   6.4517280407017097E-012 
   8.9457330432196613E-012   9.0096818894380704E-012   6.1604055190400686E-012 
   6.1746163737552706E-012   6.8496319727273658E-012   6.7075234255753458E-012 
   5.2438053899095394E-012   5.3006488087703474E-012   6.5227823142777197E-012 
   5.6985527407960035E-012   4.1531222905177856E-012   3.9968028886505635E-012 
   4.4160231027490227E-012   4.3272052607790101E-012   3.1583624604536453E-012 
   2.9523050670832163E-012   3.4887648325820919E-012   3.5385028240852989E-012 
   3.0233593406592263E-012   2.6716406864579767E-012   2.1636026303895051E-012 
   2.5881519150061649E-012   2.5863755581667647E-012   1.9131363160340698E-012 
   1.7532642004880472E-012   1.4139800441625994E-012   1.3855583347321954E-012 
   9.4857455223973375E-013   8.6597395920762210E-013   7.1320727101920056E-013 
   6.9722005946459831E-013   4.4630965589931293E-013   3.8569147875477938E-013 
   2.7133850721838826E-013
   2.9249349609017372E-008    202207.2347436813        6.9348971010185778E-012 
   7.0485839387401938E-012   7.8586026575067081E-012   8.3701934272539802E-012 
   9.7628571893437766E-012   8.8817841970012523E-012   1.2256862191861728E-011 
   1.4033219031261979E-011   9.2370555648813024E-012   1.0842882147699129E-011 
   1.0508927061891882E-011   8.3630879998963792E-012   8.3701934272539802E-012 
   7.9083406490099151E-012   7.8870243669371121E-012   7.0485839387401938E-012 
   7.4038553066202439E-012   8.2991391536779702E-012   7.3399064604018349E-012 
   5.4924953474255744E-012   6.3309357756224927E-012   6.8922645368729718E-012 
   6.6719962887873407E-012   5.3930193644191604E-012   5.1230131248303223E-012 
   4.4693138079310302E-012   6.9988459472369868E-012   6.9597660967701813E-012 
   3.8902214782865485E-012   3.8724579098925460E-012   4.9560355819266988E-012 
   4.5652370772586437E-012   3.3217872896784684E-012   3.6557423754857155E-012 
   2.8457236567192012E-012   2.8919089345436078E-012   2.6041391265607672E-012 
   2.9896085607106215E-012   2.9860558470318210E-012   1.2505552149377763E-012 
   1.3695711231775931E-012   2.0126122990404838E-012   2.0250467969162855E-012 
   1.4175327578413999E-012   1.0693668173189508E-012   9.9653618690354051E-013 
   7.6116890568300732E-013   7.2475359047530219E-013   6.6657790398494399E-013 
   5.8841820305133297E-014
   3.6496203392744064E-008    196568.2249432533        8.4128259913995862E-012 
   9.0523144535836764E-012   1.1738165994756855E-011   1.2505552149377763E-011 
   1.4765078049094882E-011   1.4580336937797256E-011   1.0246026249660645E-011 
   1.4040324458619580E-011   1.2576606422953773E-011   1.0857093002414331E-011 
   1.2221335055073723E-011   1.1809220268332865E-011   1.0693668173189508E-011 
   8.4412477008299902E-012   7.9793949225859251E-012   1.1141310096718371E-011 
   1.2924772363476222E-011   9.6207486421917565E-012   8.3630879998963792E-012 
   7.7093886829970870E-012   7.8586026575067081E-012   9.4573238129669335E-012 
   8.1215034697379451E-012   6.5369931689929217E-012   6.2385652199736796E-012 
   5.6274984672199935E-012   5.3788085097039584E-012   5.8406612879480235E-012 
   6.3842264808045002E-012   5.5848659030743875E-012   4.4657610942522297E-012 
   4.5830006456526462E-012   5.8832938520936295E-012   5.7767124417296145E-012 
   4.2881254103122046E-012   3.7729819268861320E-012   3.0624391911260318E-012 
   3.1299407510232413E-012   2.5188739982695552E-012   2.8528290840768022E-012 
   2.6112445539183682E-012   1.8580692540126620E-012   1.5276668818842154E-012 
   1.6573409311604337E-012   1.5907275496829243E-012   1.3571366253017914E-012 
   1.5800694086465228E-012   8.0468964824831346E-013   5.7065463465733046E-013 
   3.0442315335221792E-013
   3.1839590519666672E-008    197775.3330485969        6.8780536821577698E-012 
   6.9348971010185778E-012   1.0118128557223827E-011   1.0189182830799837E-011 
   8.4838802649755962E-012   1.1482370609883219E-011   1.3649525953951525E-011 
   1.0949463558063144E-011   1.1951328815484885E-011   1.3834267065249151E-011 
   1.0416556506243069E-011   8.0504491961619351E-012   8.1499251791683491E-012 
   7.7662321018578950E-012   7.8088646660035010E-012   1.2306600183364935E-011 
   1.3031353773840237E-011   8.6046725300548133E-012   7.8230755207187030E-012 
   6.8780536821577698E-012   1.0004441719502211E-011   8.5336182564788032E-012 
   5.9756644077424426E-012   5.5564441936439835E-012   5.9046101341664325E-012 
   6.4162009039137047E-012   5.0697224196483148E-012   5.1727511163335294E-012 
   5.0981441290787188E-012   4.5048409447190352E-012   3.9896974612929625E-012 
   4.1850967136269901E-012   4.4586556668946287E-012   4.2206238504149951E-012 
   4.0181191707233666E-012   3.1334934647020418E-012   2.8137492336099967E-012 
   2.3590018827235326E-012   2.3518964553659316E-012   2.3057111775415251E-012 
   1.8953727476400672E-012   1.9362289549462730E-012   1.8935963908006670E-012 
   1.3820056210533949E-012   1.2976286711818830E-012   1.1146639167236572E-012 
   9.1748830755022937E-013   6.5458749531899230E-013   5.6221693967017927E-013 
   1.0258460747536446E-013
   3.1024683266878128E-008    200407.0947739629        6.4233063312713057E-012 
   6.7075234255753458E-012   8.5123019744060002E-012   9.6349594969069585E-012 
   9.0096818894380704E-012   1.0601297617540695E-011   1.0992096122208750E-011 
   1.5667467323510209E-011   1.5290879673557356E-011   9.2938989837421104E-012 
   1.1240786079724785E-011   8.7467810772068333E-012   7.1835870585346129E-012 
   7.2617467594682239E-012   1.2533973858808167E-011   1.1979750524915289E-011 
   7.5246475716994610E-012   7.9012352216523141E-012   6.3096194935496897E-012 
   7.6880724009242840E-012   7.7662321018578950E-012   6.4588334680593107E-012 
   6.3948846218409017E-012   5.5848659030743875E-012   6.0751403907488566E-012 
   5.6701310313655995E-012   4.5616843635798432E-012   4.7215564791258657E-012 
   5.2331472488731379E-012   4.6718184876226587E-012   3.2116531656356528E-012 
   5.3503868002735544E-012   5.6274984672199935E-012   3.6735059438797180E-012 
   3.6415315207705135E-012   3.0269120543380268E-012   2.7569058147491887E-012 
   2.5899282718455652E-012   2.5579538487363607E-012   1.9539925233402755E-012 
   1.8793855360854650E-012   1.7070789226636407E-012   1.5685230891904212E-012 
   1.4210854715202004E-012   1.2354561818028742E-012   1.2940759575030825E-012 
   1.1111112030448567E-012   6.5769611978794273E-013   4.1233683134578314E-013 
   2.3425705819590803E-013
   3.7893187254667282E-008    202658.6290930628        7.7875483839306980E-012 
   7.8017592386459000E-012   1.0203393685515039E-011   1.1738165994756855E-011 
   1.4637180356658064E-011   1.3230305739853065E-011   1.2086331935279304E-011 
   1.2711609542748192E-011   1.7998047496803338E-011   1.7998047496803338E-011 
   1.0459189070388675E-011   1.2690293260675389E-011   1.7720935829856899E-011 
   1.4914292023604503E-011   7.6738615462090820E-012   8.8107299234252423E-012 
   8.6330942394852173E-012   7.7378103924274910E-012   8.7680973592796363E-012 
   9.4928509497549385E-012   7.4678041528386530E-012   6.8425265453697648E-012 
   6.5583094510657247E-012   5.9543481256696396E-012   1.2462919585232157E-011 
   1.4281908988778014E-011   5.9294791299180361E-012   4.7393200475198682E-012 
   4.5332626541494392E-012   4.8743231673142873E-012   4.7180037654470652E-012 
   3.9683811792201595E-012   3.9364067561109550E-012   4.0500935938325711E-012 
   3.5740299608733039E-012   3.3040237212844659E-012   2.6112445539183682E-012 
   2.9753977059954195E-012   3.0588864774472313E-012   2.7426949600339867E-012 
   2.1529444893531036E-012   1.9948487306464813E-012   1.7230661342182430E-012 
   1.6822099269120372E-012   1.5338841308221163E-012   1.4077627952246985E-012 
   9.4679819540033350E-013   7.8959061511341133E-013   5.2047255394427339E-013 
   1.3045120539345589E-013
   3.4051481634378433E-008    198612.3861072458        8.5265128291212022E-012 
   1.0416556506243069E-011   1.2121859072067309E-011   1.0814460438268725E-011 
   1.1837641977763269E-011   1.0373923942097463E-011   1.1048939541069558E-011 
   1.1546319456101628E-011   1.0786038728838321E-011   1.2128964499424910E-011 
   1.1269207789155189E-011   8.7396756498492323E-012   1.1922907106054481E-011 
   1.1283418643870391E-011   1.0970779840135947E-011   1.1425527191022411E-011 
   7.3612227424746379E-012   7.9580786405131221E-012   8.1499251791683491E-012 
   7.2191141953226179E-012   5.9401372709544376E-012   7.9580786405131221E-012 
   8.0220274867315311E-012   5.8477667153056245E-012   5.6061821851471905E-012 
   5.4640736379951704E-012   5.5813131893955870E-012   4.9737991503207013E-012 
   5.8761884247360285E-012   5.0057735734299058E-012   3.6557423754857155E-012 
   3.4532376957940869E-012   3.3928415632544784E-012   4.0003556023293640E-012 
   4.1104897263721796E-012   2.8741453661496053E-012   2.6325608359911712E-012 
   2.5686119897727622E-012   2.3572255258841324E-012   2.2062351945351111E-012 
   2.0694557179012918E-012   1.4068746168049984E-012   1.5063505998114124E-012 
   1.2221335055073723E-012   9.5923269327613525E-013   1.0489387136658479E-012 
   7.4340533728900482E-013   7.6516570857165789E-013   4.7650772216911719E-013 
   2.2787327580431338E-014
   3.6641722545027733E-008    205863.7904486261        9.0949470177292824E-012 
   8.3701934272539802E-012   1.1254996934439987E-011   1.5418777365994174E-011 
   1.5418777365994174E-011   1.0103917702508625E-011   1.0956568985420745E-011 
   1.0636824754328700E-011   1.1077361250499962E-011   1.2171597063570516E-011 
   1.4921397450962104E-011   1.4892975741531700E-011   9.5212726591853425E-012 
   9.9618091553566046E-012   9.1162632998020854E-012   8.7538865045644343E-012 
   9.5283780865429435E-012   1.0345502232667059E-011   1.0288658813806251E-011 
   8.0859763329499401E-012   7.3043793236138299E-012   6.2740923567616846E-012 
   6.1319838096096646E-012   6.2172489379008766E-012   6.4233063312713057E-012 
   5.4072302191343624E-012   4.9276138724962948E-012   6.8354211180121638E-012 
   6.9135808189457748E-012   4.6469494918710552E-012   4.4266812437854242E-012 
   3.8866687646077480E-012   3.5136338283336954E-012   4.6682657739438582E-012 
   4.6540549192286562E-012   3.7090330806677230E-012   3.6060043839825084E-012 
   3.2009950245992513E-012   2.5064395003937534E-012   2.9398705692074145E-012 
   2.8155255904493970E-012   1.9149126728734700E-012   2.0090595853616833E-012 
   1.7017498521454399E-012   1.5978329770405253E-012   1.4983569940341113E-012 
   1.0782486015159520E-012   8.2112094901276578E-013   5.2580162446247414E-013 
   7.9103390504542404E-014
   3.3818650990724564E-008    198881.2702559294        8.2991391536779702E-012 
   9.6491703516221605E-012   1.2889245226688217E-011   1.0857093002414331E-011 
   9.6207486421917565E-012   1.0743406164692715E-011   1.1063150395784760E-011 
   1.2050804798491299E-011   1.0778933301480720E-011   1.1148415524075972E-011 
   1.2065015653206501E-011   9.5212726591853425E-012   1.1240786079724785E-011 
   1.2043699371133698E-011   9.5567997959733475E-012   8.9102059064316563E-012 
   8.1712414612411521E-012   9.2441609922389034E-012   9.6846974884101655E-012 
   7.3256956056866329E-012   7.6383344094210770E-012   6.7430505623633508E-012 
   5.7838178690872155E-012   6.0538241086760536E-012   6.1888272284704726E-012 
   5.2509108172671404E-012   6.1675109463976696E-012   6.1604055190400686E-012 
   4.3200998334214091E-012   3.8866687646077480E-012   4.4195758164278232E-012 
   3.9506176108261570E-012   3.6841640849161195E-012   3.6308733797341119E-012 
   2.8563817977556027E-012   2.5899282718455652E-012   2.6467716907063732E-012 
   2.5597302055757609E-012   2.3234747459355276E-012   2.0605739337042905E-012 
   1.4050982599655981E-012   1.3908874052503961E-012   1.5951684417814249E-012 
   1.5933920849420247E-012   1.0995648835887550E-012   1.0125233984581428E-012 
   7.3629990993140382E-013   6.1817218011128716E-013   5.3668181010380067E-013 
   7.8492767840998567E-014
   3.6350684240460396E-008    202491.6385999175        8.8107299234252423E-012 
   9.6349594969069585E-012   1.1240786079724785E-011   1.1851852832478471E-011 
   1.2335021892795339E-011   1.1652900866465643E-011   1.0707879027904710E-011 
   1.3137935184204252E-011   1.1496581464598421E-011   1.0338396805309458E-011 
   1.2427392448444152E-011   1.1489476037240820E-011   1.0672351891116705E-011 
   1.1645795439108042E-011   1.0864198429771932E-011   8.0504491961619351E-012 
   1.1418421763664810E-011   1.1652900866465643E-011   7.8159700933611020E-012 
   8.1428197518107481E-012   7.6809669735666830E-012   7.1551653491042089E-012 
   8.7183593677764293E-012   9.4075858214637265E-012   6.8354211180121638E-012 
   6.1106675275368616E-012   5.5493387662863825E-012   5.3432813729159534E-012 
   4.9240611588174943E-012   4.9240611588174943E-012   6.8816063958365703E-012 
   6.9171335326245753E-012   4.1673331452329876E-012   3.8227199183893390E-012 
   3.0198066269804258E-012   2.8954616482224083E-012   2.8137492336099967E-012 
   3.1441516057384433E-012   3.0446756227320293E-012   2.2595258997171186E-012 
   1.9255708139098715E-012   2.1991297671775101E-012   1.9930723738070810E-012 
   1.7088552795030409E-012   1.3127277043167851E-012   9.7610808325043763E-013 
   1.1013412404281553E-012   8.6464169157807191E-013   5.8619775700208265E-013 
   1.3800072196090696E-013
   2.8085196390748024E-008    203374.1317814628        6.3664629124104977E-012 
   5.2295945351943374E-012   8.6828322309884243E-012   9.6349594969069585E-012 
   9.4928509497549385E-012   9.2796881290269084E-012   7.9651840678707231E-012 
   9.5141672318277415E-012   1.2036593943776097E-011   1.2683187833317788E-011 
   1.0786038728838321E-011   8.0433437688043341E-012   9.2370555648813024E-012 
   9.1873175733780954E-012   7.0343730840249918E-012   7.3612227424746379E-012 
   7.6951778282818850E-012   8.3133500083931722E-012   7.4678041528386530E-012 
   5.7198690228688065E-012   5.5919713304319885E-012   6.8638428274425678E-012 
   6.4588334680593107E-012   5.4569682106375694E-012   5.1656456889759284E-012 
   5.1265658385091228E-012   5.4320992148859659E-012   4.4195758164278232E-012 
   4.8139270347746788E-012   4.5652370772586437E-012   3.7125857943465235E-012 
   4.0607517348689726E-012   3.5740299608733039E-012   3.1050717552716378E-012 
   3.7942982089589350E-012   3.5882408155885059E-012   2.4442670110147446E-012 
   2.5046631435543532E-012   2.2044588376957108E-012   1.8474111129762605E-012 
   1.7195134205394424E-012   1.5649703755116207E-012   1.5099033134902129E-012 
   1.1786127629420662E-012   1.9069190670961689E-012   2.2044588376957108E-012 
   7.8603790143461083E-013   6.5014660322049167E-013   4.9160675530401932E-013 
   1.4532819392343299E-013
   3.6758137866854668E-008    203630.3691233337        8.9812601800076663E-012 
   1.4949819160392508E-011   1.5461409930139780E-011   1.1098677532572765E-011 
   1.1496581464598421E-011   1.6854073692229576E-011   1.7976731214730535E-011 
   9.0025764620804694E-012   1.0160761121369433E-011   1.2867928944615414E-011 
   1.1986855952272890E-011   1.1780798558902461E-011   1.1496581464598421E-011 
   9.7770680440589786E-012   8.8959950517164543E-012   9.4431129582517315E-012 
   9.3081098384573124E-012   7.5530692811298650E-012   7.2901684688986279E-012 
   7.0770056481705979E-012   6.4517280407017097E-012   6.0964566728216596E-012 
   6.9277916736609768E-012   8.4199314187571872E-012   6.5085714595625177E-012 
   4.9560355819266988E-012   6.0218496855668491E-012   5.6203930398623925E-012 
   5.3965720780979609E-012   5.2864379540551454E-012   3.8937741919653490E-012 
   5.3113069498067489E-012   5.2722270993399434E-012   2.9629632081196178E-012 
   2.8919089345436078E-012   2.6432189770275727E-012   2.2168933355715126E-012 
   2.2506441155201173E-012   2.5419666371817584E-012   2.2915003228263231E-012 
   1.6626700016786344E-012   1.2310152897043736E-012   1.0338396805309458E-012 
   9.8232533218833851E-013   8.7574392182432348E-013   6.5725203057809267E-013 
   5.8442140016268240E-013   5.5067062021407764E-013   4.0945025148175773E-013 
   7.7271522513910895E-014
   3.3905962482094765E-008    202578.3201345727        8.6970430857036263E-012 
   8.9244167611468583E-012   1.0160761121369433E-011   1.0302869668521453E-011 
   9.9760200100718066E-012   1.5305090528272558E-011   1.7053025658242404E-011 
   1.1254996934439987E-011   9.2583718469541054E-012   9.5070618044701405E-012 
   1.0651035609043902E-011   1.1176837233506376E-011   9.0452090262260754E-012 
   1.0295764241163852E-011   1.0238920822303044E-011   1.0054179711005418E-011 
   8.7823082139948383E-012   6.9420025283761788E-012   6.5796257331385277E-012 
   6.7146288529329468E-012   7.3541173151170369E-012   6.3167249209072907E-012 
   6.2954086388344876E-012   6.7643668444361538E-012   5.6203930398623925E-012 
   5.6523674629715970E-012   7.1231909259950044E-012   6.4694916090957122E-012 
   4.0678571622265736E-012   4.7428727611986687E-012   4.9631410092842998E-012 
   4.0287773117597681E-012   3.6486369481281145E-012   3.3608671401452739E-012 
   2.9913849175500218E-012   3.1654678878112463E-012   3.6592950891645160E-012 
   3.2720492981752614E-012   2.4513724383723456E-012   2.0463630789890885E-012 
   1.8065549056700547E-012   1.7550405573274475E-012   1.9042545318370685E-012 
   1.4450662888521038E-012   1.3278267374516872E-012   1.1670664434859646E-012 
   8.1357143244531471E-013   5.5866422599137877E-013   4.8094861426761781E-013 
   1.0336176359260207E-013
   3.0297087505459785E-008    201869.5438187715        7.7875483839306980E-012 
   7.3043793236138299E-012   1.0018652574217413E-011   1.0544454198679887E-011 
   9.5070618044701405E-012   9.9902308647870086E-012   1.1638690011750441E-011 
   9.5354835139005445E-012   8.2351903074595612E-012   1.2271073046576930E-011 
   1.1752376849472057E-011   8.0575546235195361E-012   9.0025764620804694E-012 
   8.7538865045644343E-012   7.3185901783290319E-012   8.1072926150227431E-012 
   8.4483531281875912E-012   7.3754335971898399E-012   6.5298877416353207E-012 
   7.7591266745002940E-012   8.6615159489156213E-012   6.5014660322049167E-012 
   5.5138116294983774E-012   5.6132876125047915E-012   4.6895820560166612E-012 
   4.9595882956054993E-012   6.3096194935496897E-012   5.8228977195540210E-012 
   4.0998315853357781E-012   4.0820680169417756E-012   3.6095570976613089E-012 
   3.4425795547576854E-012   3.0802027595200343E-012   3.8902214782865485E-012 
   3.9719338928989600E-012   2.6325608359911712E-012   2.4229507289419416E-012 
   2.1298518504409003E-012   2.1920243398199091E-012   2.0463630789890885E-012 
   1.9220181002310710E-012   1.5951684417814249E-012   1.1883827255587676E-012 
   1.4539480730491050E-012   1.6129320101754274E-012   1.1137757383039570E-012 
   1.0604850331219495E-012   8.6686213762732223E-013   5.4134474680722633E-013 
   9.6811447747313650E-014
   3.0704541131854057E-008    202189.7697871893        6.5938365878537297E-012 
   6.0538241086760536E-012   7.5885964179178700E-012   1.0970779840135947E-011 
   1.1226575225009583E-011   2.1870505406695884E-011   2.2453150450019166E-011 
   8.6615159489156213E-012   1.0096812275151024E-011   9.4289021035365295E-012 
   8.0717654782347381E-012   7.0201622293097898E-012   9.2228447101661004E-012 
   1.0096812275151024E-011   6.6293637246417347E-012   6.4162009039137047E-012 
   8.0859763329499401E-012   7.5743855632026680E-012   6.0964566728216596E-012 
   6.7785776991513558E-012   5.9046101341664325E-012   6.3025140661920886E-012 
   6.3025140661920886E-012   6.0893512454640586E-012   6.7288397076481488E-012 
   4.3556269702094141E-012   4.7890580390230753E-012   4.7251091928046662E-012 
   3.4567904094728874E-012   4.3094416923850076E-012   4.5226045131130377E-012 
   4.1247005810873816E-012   3.3040237212844659E-012   2.6965096822095802E-012 
   3.1583624604536453E-012   2.5970336992031662E-012   2.3199220322567271E-012 
   2.0516921495072893E-012   1.8900436771218665E-012   1.9131363160340698E-012 
   1.7656986983638490E-012   1.6253665080512292E-012   1.7408297026122455E-012 
   1.1564083024495631E-012   1.0400569294688466E-012   9.2015284280932974E-013 
   6.9633188104489818E-013   5.3779203312842583E-013   4.8405723873656825E-013 
   6.7501559897209518E-014
   3.2625393941998482E-008    202975.2711282686        6.2527760746888816E-012 
   6.5227823142777197E-012   1.1354472917446401E-011   1.2249756764504127E-011 
   1.0999201549566351E-011   1.1411316336307209E-011   1.3109513474773848E-011 
   1.2569500995596172E-011   1.0189182830799837E-011   1.0764722446765518E-011 
   8.2920337263203692E-012   8.9741547526500653E-012   9.1446850092324894E-012 
   8.0717654782347381E-012   8.5549345385516062E-012   1.4900081168889301E-011 
   1.4622969501942862E-011   7.2546413321106229E-012   7.0201622293097898E-012 
   6.1746163737552706E-012   7.5459638537722640E-012   9.3223206931725144E-012 
   8.3133500083931722E-012   5.9543481256696396E-012   5.5919713304319885E-012 
   5.7198690228688065E-012   4.5190517994342372E-012   5.1549875479395268E-012 
   5.8015814374812180E-012   4.9631410092842998E-012   3.9754866065777605E-012 
   3.6592950891645160E-012   3.2116531656356528E-012   5.7056581681536045E-012 
   5.8157922921964200E-012   2.5615065624151612E-012   2.4087398742267396E-012 
   2.7746693831431912E-012   2.6538771180639742E-012   2.1369572777985013E-012 
   2.0961010704922955E-012   1.5205614545266144E-012   1.3464784842653899E-012 
   1.3207213100940862E-012   1.4068746168049984E-012   1.0187406473960436E-012 
   7.4784622938750545E-013   6.0440541460593522E-013   4.9693582582222007E-013 
   3.4794389591752406E-013
   3.2479874789714813E-008    208324.8930622366        7.9580786405131221E-012 
   7.8017592386459000E-012   1.3017142919125035E-011   1.3656631381309126E-011 
   1.0359713087382261E-011   1.3102408047416247E-011   1.3841372492606752E-011 
   1.0210499112872640E-011   9.9618091553566046E-012   9.8339114629197866E-012 
   9.2654772743117064E-012   9.1588958639476914E-012   7.9154460763675161E-012 
   8.0859763329499401E-012   7.8870243669371121E-012   8.2778228716051672E-012 
   1.0331291377951857E-011   1.0068390565720620E-011   7.9083406490099151E-012 
   6.2883032114768866E-012   5.8548721426632255E-012   5.8548721426632255E-012 
   5.3148596634855494E-012   5.5848659030743875E-012   5.7482907322992105E-012 
   5.6807891724020010E-012   5.1976201120851329E-012   4.8849813083506888E-012 
   5.1478821205819258E-012   4.2170711367361946E-012   3.8440362004621420E-012 
   4.5830006456526462E-012   4.0145664570445661E-012   3.1761260288476478E-012 
   3.0553337637684308E-012   2.6574298317427747E-012   2.4193980152631411E-012 
   2.6325608359911712E-012   2.4833468614815501E-012   2.1547208461925038E-012 
   1.9486634528220748E-012   1.6289192217300297E-012   1.3571366253017914E-012 
   1.2256862191861728E-012   1.2763123891090800E-012   1.0267342531733448E-012 
   8.8729024128042511E-013   6.0751403907488566E-013   3.9057646006313007E-013 
   9.4146912488213275E-014
   3.3673131838440895E-008    198571.1819143917        8.0149220593739301E-012 
   8.6544105215580203E-012   1.0970779840135947E-011   9.9049657364957966E-012 
   9.6207486421917565E-012   1.5930368135741446E-011   1.8317791727895383E-011 
   1.0544454198679887E-011   1.0423661933600670E-011   1.0970779840135947E-011 
   9.8410168902773876E-012   1.0707879027904710E-011   1.1254996934439987E-011 
   8.7965190687100403E-012   8.4767748376179952E-012   9.0096818894380704E-012 
   7.1267436396738049E-012   8.7467810772068333E-012   1.0672351891116705E-011 
   7.9793949225859251E-012   6.1604055190400686E-012   6.1035621001792606E-012 
   6.6364691519993357E-012   7.9367623584403191E-012   6.7288397076481488E-012 
   5.0022208597511053E-012   5.4143356464919634E-012   4.8459014578838833E-012 
   4.6895820560166612E-012   4.4053649617126212E-012   4.0643044485477731E-012 
   4.3058889787062071E-012   3.6806113712373190E-012   4.1140424400509801E-012 
   4.0429881664749701E-012   2.8919089345436078E-012   2.7640112421067897E-012 
   2.4762414341239491E-012   2.4051871605479391E-012   2.3749890942781349E-012 
   1.8243184740640572E-012   1.7141843500212417E-012   1.4424017535930034E-012 
   1.0951239914902544E-012   9.2814644858663087E-013   9.2548191332753049E-013 
   7.2919448257380282E-013   5.7598370517553121E-013   2.8288482667448989E-013 
   9.8920871494101448E-014
   3.8911821320652962E-008    204998.4014456286        8.7538865045644343E-012 
   1.0160761121369433E-011   1.3130829756846651E-011   1.1866063687193673E-011 
   1.8829382497642655E-011   1.9156232156092301E-011   1.2953194072906626E-011 
   1.5006662579253316E-011   1.2690293260675389E-011   1.0011547146859812E-011 
   1.6093792964966269E-011   1.6918022538447985E-011   9.3791641120333225E-012 
   1.1965539670200087E-011   1.1702638857968850E-011   8.8391516328556463E-012 
   8.8959950517164543E-012   8.0007112046587281E-012   6.5938365878537297E-012 
   7.1693762038194109E-012   8.1641360338835511E-012   8.5975671026972122E-012 
   7.2972738962562289E-012   5.7980287238024175E-012   5.9898752624576446E-012 
   5.5635496210015845E-012   5.2224891078367364E-012   6.0644822497124551E-012 
   5.5351279115711804E-012   4.6291859234770527E-012   4.4337866711430252E-012 
   4.5439207951858407E-012   4.2739145555970026E-012   3.2365221613872563E-012 
   4.1957548546633916E-012   4.3343106881366111E-012   2.8634872251132037E-012 
   2.5330848529847572E-012   2.3607782395629329E-012   1.9397816686250735E-012 
   2.5526247782181599E-012   2.4886759319997509E-012   1.5791812302268227E-012 
   1.6484591469634324E-012   1.3216094885137863E-012   1.0933476346508542E-012 
   1.1510792319313623E-012   9.6989083431253675E-013   5.6354920729972946E-013 
   2.1382895454280515E-013
   3.2305251806974411E-008    204620.9720448876        6.9917405198793858E-012 
   8.6259888121276163E-012   1.4665602066088468E-011   1.3173462320992257E-011 
   9.4502183856093325E-012   9.8054897534893826E-012   1.0906830993917538E-011 
   1.1446843473095214E-011   1.0700773600547109E-011   1.0217604540230241E-011 
   1.0892620139202336E-011   1.1404210908949608E-011   8.6259888121276163E-012 
   8.1001871876651421E-012   8.0646600508771371E-012   7.9154460763675161E-012 
   8.3630879998963792E-012   9.0736307356564794E-012   8.3488771451811772E-012 
   6.0182969718880486E-012   6.4517280407017097E-012   8.7965190687100403E-012 
   8.6259888121276163E-012   7.4535932981234509E-012   7.3114847509714309E-012 
   4.8174797484534793E-012   4.4586556668946287E-012   4.3307579744578106E-012 
   4.4373393848218257E-012   3.9719338928989600E-012   3.9861447476141620E-012 
   3.7765346405649325E-012   3.1405988920596428E-012   3.0588864774472313E-012 
   2.6822988274943782E-012   2.8812507935072063E-012   2.7498003873915877E-012 
   2.1351809209591011E-012   2.0321522242738865E-012   1.9131363160340698E-012 
   1.4050982599655981E-012   1.6573409311604337E-012   1.5649703755116207E-012 
   1.1581846592889633E-012   1.0178524689763435E-012   8.3133500083931722E-013 
   9.2148511043887993E-013   7.5939254884360707E-013   4.5363712786183896E-013 
   9.8476782284251385E-014
   3.2654497772455215E-008    195815.6454589568        7.3896444519050419E-012 
   1.0260237104375847E-011   1.2320811038080137E-011   1.0288658813806251E-011 
   1.0246026249660645E-011   1.0913936421275139E-011   1.2185807918285718E-011 
   1.1894485396624077E-011   1.0523137916607084E-011   1.0125233984581428E-011 
   1.0039968856290216E-011   1.5447199075424578E-011   1.4708234630234074E-011 
   7.4962258622690570E-012   7.9225515037251171E-012   7.7875483839306980E-012 
   7.0272676566673908E-012   7.6312289820634760E-012   7.9012352216523141E-012 
   7.7235995377122890E-012   9.7628571893437766E-012   9.0452090262260754E-012 
   5.1869619710487314E-012   5.1088022701151203E-012   5.5706550483591855E-012 
   5.5528914799651830E-012   6.0786931044276571E-012   5.3432813729159534E-012 
   4.6753712013014592E-012   5.0732751333271153E-012   3.8156144910317380E-012 
   3.8156144910317380E-012   4.2810199829546036E-012   3.3431035717512714E-012 
   3.3715252811816754E-012   3.2187585929932538E-012   2.1707080577471061E-012 
   2.1547208461925038E-012   2.0161650127192843E-012   1.8225421172246570E-012 
   1.6235901512118289E-012   1.6111556533360272E-012   1.4974688156144111E-012 
   1.2736478538499796E-012   1.1199929872418579E-012   9.5745633643673500E-013 
   9.2814644858663087E-013   6.9944050551384862E-013   6.2794214272798854E-013 
   2.4757973449140991E-013
   3.4953700378537178E-008    200391.5505277084        8.9812601800076663E-012 
   9.0096818894380704E-012   9.9475983006414026E-012   1.0885514711844735E-011 
   1.2249756764504127E-011   1.0942358130705543E-011   1.0395240224170266E-011 
   1.3919532193540363E-011   1.3358203432289883E-011   1.0302869668521453E-011 
   1.0949463558063144E-011   1.1908696251339279E-011   1.1745271422114456E-011 
   9.4644292403245345E-012   9.1873175733780954E-012   7.9865003499435261E-012 
   7.9865003499435261E-012   8.8888896243588533E-012   1.0857093002414331E-011 
   1.0473399925103877E-011   6.8780536821577698E-012   6.3806737671256997E-012 
   7.4464878707658499E-012   7.0983219302434009E-012   7.0059513745945878E-012 
   7.0272676566673908E-012   5.9721116940636421E-012   5.1727511163335294E-012 
   4.9595882956054993E-012   4.8494541715626838E-012   4.9134030177810928E-012 
   3.8653524825349450E-012   3.9896974612929625E-012   3.9932501749717630E-012 
   3.4887648325820919E-012   3.2081004519568523E-012   3.2223113066720543E-012 
   3.2009950245992513E-012   2.5615065624151612E-012   2.3110402480597259E-012 
   1.9735324485736783E-012   1.9966250874858815E-012   1.9433343823038740E-012 
   1.3802292642139946E-012   1.2292389328649733E-012   1.2621015343938780E-012 
   9.4235730330183287E-013   7.2475359047530219E-013   5.0048853950102057E-013 
   2.7999824681046448E-013
   2.9511284083127975E-008    201734.5060183205        5.9685589803848416E-012 
   6.4375171859865077E-012   9.3223206931725144E-012   1.1851852832478471E-011 
   9.2228447101661004E-012   9.3649532573181204E-012   1.2086331935279304E-011 
   1.1091572105215164E-011   1.0388134796812665E-011   1.0295764241163852E-011 
   9.9760200100718066E-012   7.9154460763675161E-012   7.9154460763675161E-012 
   1.1858958259836072E-011   1.1461054327810416E-011   6.8496319727273658E-012 
   7.0201622293097898E-012   7.1906924858922139E-012   8.1570306065259501E-012 
   8.8391516328556463E-012   7.3896444519050419E-012   6.3025140661920886E-012 
   4.9880100050359033E-012   5.4924953474255744E-012   6.0680349633912556E-012 
   7.5601747084874660E-012   7.3860917382262414E-012   4.4622083805734292E-012 
   4.4515502395370277E-012   4.4764192352886312E-012   3.8369307731045410E-012 
   3.3857361358968774E-012   3.0837554731988348E-012   3.2045477382780518E-012 
   3.0304647680168273E-012   3.1867841698840493E-012   2.9416469260468148E-012 
   2.1529444893531036E-012   2.1849189124623081E-012   1.8882673202824662E-012 
   1.7958967646336532E-012   1.8225421172246570E-012   1.4619416788264061E-012 
   1.3082868122182845E-012   1.2603251775544777E-012   9.7344354799133725E-013 
   7.8159700933611020E-013   7.9980466693996277E-013   4.3298697960381105E-013 
   3.2501779045901458E-014
   3.8242433220148087E-008    200267.5536985569        8.5833562479820102E-012 
   9.3365315478877164E-012   1.0913936421275139E-011   1.1681322575896047E-011 
   1.1098677532572765E-011   1.8033574633591343E-011   1.8040680060948944E-011 
   9.9902308647870086E-012   1.0189182830799837E-011   1.0551559626037488E-011 
   1.6591172879998339E-011   1.6498802324349526E-011   9.2157392828084994E-012 
   1.2093437362636905E-011   1.1979750524915289E-011   8.4057205640419852E-012 
   9.0025764620804694E-012   1.5049295143398922E-011   1.4679812920803670E-011 
   6.5938365878537297E-012   8.2067685980291571E-012   9.8978603091381956E-012 
   7.1693762038194109E-012   6.0680349633912556E-012   7.5246475716994610E-012 
   6.6151528699265327E-012   6.3913319081621012E-012   6.9384498146973783E-012 
   5.1230131248303223E-012   4.5794479319738457E-012   4.2064129956997931E-012 
   4.1993075683421921E-012   3.9825920339353615E-012   3.1192826099868398E-012 
   3.0944136142352363E-012   3.3217872896784684E-012   3.1015190415928373E-012 
   2.7853275241795927E-012   2.5917046286849654E-012   2.6414426201881724E-012 
   2.2080115513745113E-012   1.7319479184152442E-012   1.5933920849420247E-012 
   1.4352963262354024E-012   1.1350920203767600E-012   1.1901590823981678E-012 
   9.5390362275793450E-013   8.3399953609841759E-013   4.7117865165091644E-013 
   1.9084733793306441E-013
   3.6176061257719994E-008    200524.1086124076        7.5601747084874660E-012 
   1.9127810446661897E-011   1.9610979506978765E-011   9.7060137704829685E-012 
   1.6001422409317456E-011   1.4523493518936448E-011   1.4630074929300463E-011 
   1.7394086171407253E-011   1.1560530310816830E-011   8.9173113337892573E-012 
   9.3649532573181204E-012   1.0487610779819079E-011   1.0196288258157438E-011 
   9.0096818894380704E-012   8.5691453932668082E-012   7.7591266745002940E-012 
   6.7501559897209518E-012   8.1143980423803441E-012   7.8230755207187030E-012 
   5.6772364587232005E-012   5.7980287238024175E-012   6.0751403907488566E-012 
   4.9453774408902973E-012   7.5175421443418600E-012   7.8230755207187030E-012 
   4.8565595989202848E-012   5.0803805606847163E-012   6.4410698996653082E-012 
   6.4233063312713057E-012   3.5811353882309049E-012   3.7978509226377355E-012 
   3.9577230381837580E-012   3.3537617127876729E-012   3.3679725675028749E-012 
   2.9274360713316128E-012   2.5259794256271562E-012   2.0143886558798840E-012 
   1.8953727476400672E-012   2.3927526626721374E-012   2.1849189124623081E-012 
   1.3873346915715956E-012   1.2239098623467726E-012   9.7166719115193700E-013 
   7.7449158197850920E-013   6.6435745793569367E-013   6.1550764485218679E-013 
   4.8316906031686813E-013   4.5163872641751368E-013   2.8954616482224083E-013 
   1.1063372440389685E-013
   3.3178366720676422E-008    204155.2433965523        7.5033312896266580E-012 
   8.7112539404188283E-012   1.1453948900452815E-011   1.0359713087382261E-011 
   1.0146550266654231E-011   1.1098677532572765E-011   1.0494716207176680E-011 
   1.3123724329489050E-011   1.3990586467116373E-011   8.9457330432196613E-012 
   8.7965190687100403E-012   1.1119993814645568E-011   1.1816325695690466E-011 
   1.1468159755168017E-011   9.7912788987741806E-012   6.5156768869201187E-012 
   6.9206862463033758E-012   1.2569500995596172E-011   1.2917666936118621E-011 
   7.9509732131555211E-012   7.9083406490099151E-012   6.2740923567616846E-012 
   6.7146288529329468E-012   7.1835870585346129E-012   5.0803805606847163E-012 
   5.6026294714683900E-012   5.8655302836996270E-012   4.3733905386034166E-012 
   4.3698378249246161E-012   4.1247005810873816E-012   3.5527136788005009E-012 
   3.3466562854300719E-012   3.5491609651217004E-012   3.1548097467748448E-012 
   2.6680879727791762E-012   2.7213786779611837E-012   2.5437429940211587E-012 
   2.2772894681111211E-012   2.0730084315800923E-012   1.7283952047364437E-012 
   1.5383250229206169E-012   1.5241141682054149E-012   1.2931877790833823E-012 
   8.7307938656522310E-013   1.1990408665951691E-012   1.1368683772161603E-012 
   5.7509552675583109E-013   5.1736392947532295E-013   4.6651571494749078E-013 
   8.8595797365087492E-014
   3.0879164114594460E-008    201275.4904865903        6.9917405198793858E-012 
   6.2101435105432756E-012   1.2363443602225743E-011   1.2676082405960187E-011 
   9.0665253082988784E-012   1.0999201549566351E-011   9.9333874459262006E-012 
   9.8339114629197866E-012   1.1084466677857563E-011   1.1617373729677638E-011 
   1.1880274541908875E-011   1.0473399925103877E-011   8.8036244960676413E-012 
   7.7449158197850920E-012   7.8159700933611020E-012   7.6809669735666830E-012 
   7.1906924858922139E-012   8.4341422734723892E-012   8.9670493252924643E-012 
   6.8212102632969618E-012   6.9988459472369868E-012   6.9348971010185778E-012 
   6.2598815020464826E-012   6.3380412029800937E-012   5.5351279115711804E-012 
   4.8387960305262823E-012   4.7712944706290727E-012   5.0413007102179108E-012 
   4.6327386371558532E-012   4.0500935938325711E-012   3.8653524825349450E-012 
   3.6486369481281145E-012   4.1282532947661821E-012   4.2952308376698056E-012 
   3.5882408155885059E-012   3.0091484859440243E-012   2.6574298317427747E-012 
   2.5544011350575602E-012   2.2506441155201173E-012   2.1955770534987096E-012 
   1.9699797348948778E-012   1.7124079931818414E-012   1.5418777365994174E-012 
   1.2292389328649733E-012   1.0897949209720537E-012   9.7877261850953801E-013 
   5.7198690228688065E-013   5.0226489634042082E-013   3.6792791036077688E-013 
   5.1680881796301037E-014
   3.2654497772455215E-008    202173.6067975795        8.4128259913995862E-012 
   7.9296569310827181E-012   9.6633812063373625E-012   1.0260237104375847E-011 
   1.0558665053395089E-011   1.0160761121369433E-011   1.0921041848632740E-011 
   1.0160761121369433E-011   8.6899376583460253E-012   9.8268060355621856E-012 
   1.0039968856290216E-011   9.8268060355621856E-012   1.0885514711844735E-011 
   1.0132339411939029E-011   8.6615159489156213E-012   7.9936057773011271E-012 
   9.6420649242645595E-012   1.0302869668521453E-011   7.8514972301491071E-012 
   6.5227823142777197E-012   6.5725203057809267E-012   6.7288397076481488E-012 
   8.7538865045644343E-012   8.6473050942004193E-012   6.7501559897209518E-012 
   6.7288397076481488E-012   5.9330318435968366E-012   6.1604055190400686E-012 
   4.7464254748774692E-012   4.8068216074170778E-012   4.5226045131130377E-012 
   3.8617997688561445E-012   4.0856207306205761E-012   3.3537617127876729E-012 
   3.2720492981752614E-012   3.6841640849161195E-012   3.0802027595200343E-012 
   2.9736213491560193E-012   3.0802027595200343E-012   2.3483437416871311E-012 
   1.9291235275886720E-012   1.9859669464494800E-012   2.6272317654729704E-012 
   2.7018387527277810E-012   1.4779288903810084E-012   1.1350920203767600E-012 
   9.8498986744743888E-013   5.7109872386718052E-013   5.0248694094534585E-013 
   1.7319479184152442E-013
   2.8841895982623100E-008    196078.3551273897        5.3432813729159534E-012 
   5.8406612879480235E-012   8.4128259913995862E-012   1.4622969501942862E-011 
   1.4566126083082054E-011   7.6028072726330720E-012   1.0174971976084635E-011 
   1.1795009413617663E-011   9.5781160780461505E-012   9.4360075308941305E-012 
   1.0132339411939029E-011   8.7894136413524393E-012   7.7235995377122890E-012 
   6.8851591095153708E-012   8.3133500083931722E-012   1.0345502232667059E-011 
   8.0220274867315311E-012   6.0254023992456496E-012   6.5014660322049167E-012 
   5.9472426983120386E-012   6.9277916736609768E-012   6.9704242378065828E-012 
   6.1817218011128716E-012   6.3238303482648917E-012   5.0306425691815093E-012 
   4.3769432522822171E-012   7.6347816957422765E-012   8.0788709055923391E-012 
   4.0749625895841746E-012   3.9186431877169525E-012   3.6521896618069150E-012 
   3.4852121189032914E-012   4.0571990211901721E-012   3.4390268410788849E-012 
   3.0233593406592263E-012   3.0837554731988348E-012   3.1334934647020418E-012 
   2.6929569685307797E-012   2.4087398742267396E-012   2.0516921495072893E-012 
   1.8047785488306545E-012   1.9095836023552692E-012   1.6164847238542279E-012 
   1.2541079286165768E-012   1.0711431741583510E-012   8.8817841970012523E-013 
   8.2156503822261584E-013   6.2838623193783860E-013   4.2943426592501055E-013 
   3.6942671144402084E-014
   3.6059645935893059E-008    203783.9002724590        8.5833562479820102E-012 
   8.4554585555451922E-012   1.2718714970105793E-011   1.3514522834157106E-011 
   1.3031353773840237E-011   1.1212364370294381E-011   1.3734791082242737E-011 
   1.4033219031261979E-011   1.1119993814645568E-011   1.0750511592050316E-011 
   1.3230305739853065E-011   1.3685053090739530E-011   1.0118128557223827E-011 
   9.7699626167013776E-012   9.9049657364957966E-012   9.6633812063373625E-012 
   8.3630879998963792E-012   9.3578478299605194E-012   9.0309981715108734E-012 
   7.6099126999906730E-012   7.4251715886930469E-012   7.0627947934553958E-012 
   6.5014660322049167E-012   7.4962258622690570E-012   7.8159700933611020E-012 
   5.8619775700208265E-012   5.1656456889759284E-012   5.9436899846332381E-012 
   5.9756644077424426E-012   4.9418247272114968E-012   5.1123549837939208E-012 
   4.4124703890702222E-012   3.8191672047105385E-012   3.5633718198369024E-012 
   3.3963942769332789E-012   3.3253400033572689E-012   3.0802027595200343E-012 
   2.8954616482224083E-012   3.1157298963080393E-012   2.3891999489933369E-012 
   1.8793855360854650E-012   2.1120882820468978E-012   1.9522161665008753E-012 
   1.4601653219870059E-012   1.8163248682867561E-012   1.1279865930191590E-012 
   9.8232533218833851E-013   8.6108897789927141E-013   5.7864824043463159E-013 
   2.3048229991218250E-013
   3.0384398996829987E-008    202113.7942192249        7.3328010330442339E-012 
   6.7359451350057498E-012   8.1996631706715561E-012   1.1212364370294381E-011 
   1.1922907106054481E-011   8.4412477008299902E-012   1.0281553386448650E-011 
   1.2221335055073723E-011   1.2455814157874556E-011   1.0111023129866226E-011 
   7.6099126999906730E-012   7.9793949225859251E-012   9.4360075308941305E-012 
   9.3294261205301154E-012   7.9154460763675161E-012   8.3701934272539802E-012 
   7.1054273576010019E-012   6.4233063312713057E-012   6.6080474425689317E-012 
   6.9704242378065828E-012   9.8907548817805946E-012   9.8481223176349886E-012 
   5.3006488087703474E-012   4.8245851758110803E-012   5.0235371418239083E-012 
   5.2615689583035419E-012   5.1869619710487314E-012   6.3771210534468992E-012 
   6.3913319081621012E-012   4.7073456244106637E-012   4.2845726966334041E-012 
   4.1602277178753866E-012   3.8014036363165360E-012   3.2045477382780518E-012 
   3.2009950245992513E-012   3.3502089991088724E-012   2.7462476737127872E-012 
   2.5259794256271562E-012   2.6325608359911712E-012   2.2115642650533118E-012 
   1.9326762412674725E-012   1.9824142327706795E-012   1.6662227153574349E-012 
   1.3837819778927951E-012   1.1715073355844652E-012   9.5123908749883412E-013 
   9.0416563125472749E-013   7.7537976039820933E-013   4.7783998979866737E-013 
   1.1268763699945339E-013
   3.1461240723729134E-008    205964.8460825391        7.9580786405131221E-012 
   7.1054273576010019E-012   9.5354835139005445E-012   9.7344354799133725E-012 
   9.4928509497549385E-012   9.3933749667485245E-012   1.0658141036401503E-011 
   1.2200018773000920E-011   1.2029488516418496E-011   9.8552277449925896E-012 
   8.8533624875708483E-012   8.6330942394852173E-012   1.0516032489249483E-011 
   9.2299501375237014E-012   9.6989083431253675E-012   1.0217604540230241E-011 
   7.9083406490099151E-012   7.1125327849586029E-012   6.3380412029800937E-012 
   6.9704242378065828E-012   6.4233063312713057E-012   7.2759576141834259E-012 
   7.2972738962562289E-012   7.4678041528386530E-012   7.0414785113825928E-012 
   6.3984373355197022E-012   6.5583094510657247E-012   4.4835246626462322E-012 
   4.2987835513486061E-012   5.0839332743635168E-012   4.4870773763250327E-012 
   3.5278446830488974E-012   3.1619151741324458E-012   4.4693138079310302E-012 
   4.5758952182950452E-012   3.0304647680168273E-012   2.9238833576528123E-012 
   2.8528290840768022E-012   2.5384139235029579E-012   1.9042545318370685E-012 
   1.7053025658242404E-012   1.7656986983638490E-012   1.5418777365994174E-012 
   1.2798651027878805E-012   1.4193091146808001E-012   1.1048939541069558E-012 
   7.7493567118835927E-013   6.8745009684789693E-013   4.8672177399566863E-013 
   2.1294077612310502E-013
   3.5099219530820847E-008    201608.1809204844        8.5833562479820102E-012 
   8.4554585555451922E-012   1.0658141036401503E-011   1.0004441719502211E-011 
   1.3542944543587510E-011   1.5660361896152608E-011   1.1922907106054481E-011 
   1.0231815394945443E-011   1.2704504115390591E-011   1.2406076166371349E-011 
   9.8907548817805946E-012   9.4857455223973375E-012   1.0444978215673473E-011 
   1.0139444839296630E-011   8.2991391536779702E-012   1.1830536550405668E-011 
   1.1866063687193673E-011   7.4464878707658499E-012   6.9206862463033758E-012 
   7.4535932981234509E-012   7.6241235547058750E-012   6.7785776991513558E-012 
   6.3167249209072907E-012   6.8780536821577698E-012   6.4588334680593107E-012 
   5.5493387662863825E-012   5.1443294069031253E-012   5.1123549837939208E-012 
   4.9737991503207013E-012   4.6398440645134542E-012   5.5386806252499809E-012 
   5.0484061375755118E-012   3.9435121834685560E-012   3.7410075037769275E-012 
   3.2116531656356528E-012   2.8812507935072063E-012   5.1088022701151203E-012 
   5.3077542361279484E-012   2.9842794901924208E-012   2.4389379404965439E-012 
   1.9930723738070810E-012   2.1476154188349028E-012   2.0214940832374850E-012 
   1.7319479184152442E-012   1.3367085216486885E-012   1.1564083024495631E-012 
   1.0151879337172431E-012   7.6871842225045839E-013   5.7109872386718052E-013 
   1.8984813721090177E-013
   3.2450770959258080E-008    204234.2540904783        7.6170181273482740E-012 
   9.0238927441532724E-012   1.0942358130705543E-011   1.0658141036401503E-011 
   1.1084466677857563E-011   1.1056044968427159E-011   1.0615508472255897E-011 
   1.0302869668521453E-011   9.1588958639476914E-012   1.1617373729677638E-011 
   1.1873169114551274E-011   8.6970430857036263E-012   9.3223206931725144E-012 
   9.4502183856093325E-012   7.7022832556394860E-012   7.6951778282818850E-012 
   8.2138740253867581E-012   8.1143980423803441E-012   8.1783468885987531E-012 
   7.3470118877594359E-012   7.1054273576010019E-012   8.2138740253867581E-012 
   6.9277916736609768E-012   6.7927885538665578E-012   6.8780536821577698E-012 
   6.5156768869201187E-012   5.3326232318795519E-012   5.1443294069031253E-012 
   5.6772364587232005E-012   4.6966874833742622E-012   3.5456082514428999E-012 
   3.8937741919653490E-012   5.3113069498067489E-012   4.6469494918710552E-012 
   2.9238833576528123E-012   3.1192826099868398E-012   3.9968028886505635E-012 
   3.7054803669889225E-012   2.2577495428777183E-012   2.2257751197685138E-012 
   2.3732127374387346E-012   2.0641266473830910E-012   1.5010215292932116E-012 
   1.3073986337985843E-012   1.1670664434859646E-012   1.2363443602225743E-012 
   1.3251622021925868E-012   5.7953641885433171E-013   4.2477132922158489E-013 
   5.8619775700208265E-014
   3.6467099562287331E-008    201878.4147334049        6.9917405198793858E-012 
   7.8586026575067081E-012   1.0260237104375847E-011   1.0857093002414331E-011 
   1.1723955140041653E-011   1.0345502232667059E-011   1.0672351891116705E-011 
   1.0544454198679887E-011   1.2448708730516955E-011   3.2962077511911048E-011 
   3.0439650799962692E-011   8.8107299234252423E-012   1.0089706847793423E-011 
   1.0622613899613498E-011   8.5549345385516062E-012   8.4270368461147882E-012 
   1.1780798558902461E-011   1.0331291377951857E-011   6.2740923567616846E-012 
   7.2404304773954209E-012   7.3754335971898399E-012   5.4853899200679734E-012 
   5.8761884247360285E-012   6.6364691519993357E-012   6.1461946643248666E-012 
   5.4924953474255744E-012   4.2881254103122046E-012   4.2632564145606011E-012 
   4.3200998334214091E-012   5.5351279115711804E-012   5.7234217365476070E-012 
   4.2099657093785936E-012   4.0500935938325711E-012   3.0802027595200343E-012 
   3.1121771826292388E-012   2.9274360713316128E-012   2.6787461138155777E-012 
   2.8634872251132037E-012   2.5686119897727622E-012   2.1778134851047071E-012 
   2.1262991367620998E-012   1.9415580254644738E-012   1.6058265828178264E-012 
   1.3464784842653899E-012   1.3677947663381929E-012   1.2354561818028742E-012 
   1.0400569294688466E-012   7.8692607985431096E-013   1.0185186027911186E-012 
   3.9379610683454302E-013
   3.4051481634378433E-008    199898.1915176383        8.9244167611468583E-012 
   8.5123019744060002E-012   9.3649532573181204E-012   1.0288658813806251E-011 
   1.1851852832478471E-011   1.0487610779819079E-011   1.0935252703347942E-011 
   1.2875034371973015E-011   1.2732925824820995E-011   9.4928509497549385E-012 
   9.2583718469541054E-012   1.1489476037240820E-011   1.0928147275990341E-011 
   1.0523137916607084E-011   1.1347367490088800E-011   1.1340262062731199E-011 
   8.1712414612411521E-012   7.9154460763675161E-012   8.4199314187571872E-012 
   7.9296569310827181E-012   7.1622707764618099E-012   5.6701310313655995E-012 
   7.7804429565730970E-012   7.5601747084874660E-012   5.5138116294983774E-012 
   6.5512040237081237E-012   5.8051341511600185E-012   5.1656456889759284E-012 
   5.2899906677339459E-012   5.2899906677339459E-012   4.8636650262778858E-012 
   5.1443294069031253E-012   5.1727511163335294E-012   3.2791547255328624E-012 
   3.3750779948604759E-012   3.6521896618069150E-012   3.5136338283336954E-012 
   3.0944136142352363E-012   2.6965096822095802E-012   2.3092638912203256E-012 
   2.0072832285222830E-012   1.6999734953060397E-012   1.6715517858756357E-012 
   1.7585932710062480E-012   1.4264145420384011E-012   1.0178524689763435E-012 
   8.9617202547742636E-013   7.9491968563161208E-013   4.1389114358025836E-013 
   2.5845992013273644E-013
   3.0006049200892448E-008    206469.1460457389        5.7411853049416095E-012 
   5.6132876125047915E-012   8.1854523159563541E-012   1.8616219676914625E-011 
   1.8630430531629827E-011   6.6648908614297397E-012   8.4341422734723892E-012 
   1.3351098004932282E-011   1.2278178473934531E-011   9.5567997959733475E-012 
   8.9315221885044593E-012   9.0949470177292824E-012   1.1027623258996755E-011 
   8.6330942394852173E-012   6.8851591095153708E-012   6.8212102632969618E-012 
   6.2669869294040836E-012   6.9491079557337798E-012   6.0396132539608516E-012 
   5.6630256040079985E-012   7.0201622293097898E-012   6.4588334680593107E-012 
   5.6417093219351955E-012   5.7411853049416095E-012   4.8459014578838833E-012 
   4.5687897909374442E-012   3.9115377603593515E-012   5.5422333389287814E-012 
   6.3238303482648917E-012   3.9008796193229500E-012   3.1405988920596428E-012 
   3.3715252811816754E-012   3.2187585929932538E-012   2.5117685709119542E-012 
   3.3502089991088724E-012   3.9932501749717630E-012   2.6290081223123707E-012 
   2.0232704400768853E-012   2.0463630789890885E-012   1.7710277688820497E-012 
   1.7159607068606419E-012   1.7248424910576432E-012   1.2807532812075806E-012 
   1.3509193763638905E-012   1.0595968547022494E-012   8.7929663550312398E-013 
   7.3985262361020432E-013   4.2810199829546036E-013   3.6459724128690141E-013 
   1.3988810110276972E-013
   2.8434442356228828E-008    206498.9994153826        5.0022208597511053E-012 
   6.2954086388344876E-012   8.2280848801019602E-012   7.5175421443418600E-012 
   1.4182433005771600E-011   1.6044054973463062E-011   8.9741547526500653E-012 
   9.0878415903716814E-012   1.1091572105215164E-011   9.5212726591853425E-012 
   7.3185901783290319E-012   7.7875483839306980E-012   9.0594198809412774E-012 
   1.1546319456101628E-011   1.0551559626037488E-011   6.7146288529329468E-012 
   6.2811977841192856E-012   6.7004179982177448E-012   7.0059513745945878E-012 
   6.9917405198793858E-012   6.6506800067145377E-012   5.8903992794512305E-012 
   5.4498627832799684E-012   4.2277292777725961E-012   5.4001247917767614E-012 
   7.1906924858922139E-012   5.5457860526075820E-012   4.1566750041965861E-012 
   4.2632564145606011E-012   4.1744385725905886E-012   3.5846881019097054E-012 
   4.3982595343550202E-012   4.0749625895841746E-012   3.6415315207705135E-012 
   3.9577230381837580E-012   2.2879476091475226E-012   2.6858515411731787E-012 
   3.5278446830488974E-012   2.4442670110147446E-012   1.5187850976872141E-012 
   1.4974688156144111E-012   1.4441781104324036E-012   1.3837819778927951E-012 
   1.3162804179955856E-012   1.1155520951433573E-012   1.1892709039784677E-012 
   1.0071943279399420E-012   5.0848214527832170E-013   3.5349501104064984E-013 
   2.6478819137309983E-014
   3.5128323361277580E-008    200741.5559214637        8.4128259913995862E-012 
   1.0487610779819079E-011   1.4551915228366852E-011   1.2590817277668975E-011 
   1.0146550266654231E-011   1.1581846592889633E-011   1.1752376849472057E-011 
   1.1965539670200087E-011   1.2768452961609000E-011   1.2654766123887384E-011 
   1.3159251466277055E-011   1.0992096122208750E-011   1.0089706847793423E-011 
   8.3275608631083742E-012   8.8959950517164543E-012   9.9333874459262006E-012 
   9.9120711638533976E-012   8.2422957348171622E-012   7.7733375292154960E-012 
   8.3844042819691822E-012   7.4038553066202439E-012   7.0414785113825928E-012 
   6.5298877416353207E-012   5.7269744502264075E-012   6.9206862463033758E-012 
   7.1622707764618099E-012   4.7926107527018758E-012   4.3129944060638081E-012 
   7.9722894952283241E-012   8.0930817603075411E-012   3.5456082514428999E-012 
   3.9115377603593515E-012   4.3378634018154116E-012   3.6379788070917130E-012 
   2.9061197892588098E-012   3.1299407510232413E-012   3.2294167340296553E-012 
   2.8279600883251987E-012   2.5170976414301549E-012   2.1866952693017083E-012 
   1.6733281427150359E-012   1.9326762412674725E-012   1.7301715615758440E-012 
   1.2239098623467726E-012   1.1572964808692632E-012   9.6544994221403613E-013 
   7.6560979778150795E-013   6.7590377739179530E-013   5.6488147492927965E-013 
   9.9587005308876542E-014
   3.6001438274979591E-008    199312.7402971235        8.2991391536779702E-012 
   9.1233687271596864E-012   1.0089706847793423E-011   1.4495071809506044E-011 
   1.6015633264032658E-011   1.1908696251339279E-011   1.3308465440786676E-011 
   1.2192913345643319E-011   9.4573238129669335E-012   9.3436369752453174E-012 
   1.3280043731356272E-011   1.4594547792512458E-011   1.1318945780658396E-011 
   1.1297629498585593E-011   9.2228447101661004E-012   7.8870243669371121E-012 
   7.6028072726330720E-012   8.0504491961619351E-012   9.7415409072709735E-012 
   1.0864198429771932E-011   9.7060137704829685E-012   8.1783468885987531E-012 
   6.2811977841192856E-012   6.7075234255753458E-012   6.4801497501321137E-012 
   4.8174797484534793E-012   5.3290705182007514E-012   5.3788085097039584E-012 
   4.6220804961194517E-012   5.5422333389287814E-012   5.3717030823463574E-012 
   3.9293013287533540E-012   4.1886494273057906E-012   3.9470648971473565E-012 
   4.1850967136269901E-012   3.4745539778668899E-012   2.6254554086335702E-012 
   2.8066438062523957E-012   2.6112445539183682E-012   2.1724844145865063E-012 
   1.8509638266550610E-012   1.8012258351518540E-012   1.7497114868092467E-012 
   1.6147083670148277E-012   1.4503953593703045E-012   1.1777245845223661E-012 
   1.0578204978628492E-012   8.0824236192711396E-013   4.9515946898281982E-013 
   1.1068923555512811E-013
   3.7776771932840347E-008    206967.8312465056        8.3559825725387782E-012 
   8.2707174442475662E-012   1.3358203432289883E-011   1.4352963262354024E-011 
   9.9902308647870086E-012   1.0246026249660645E-011   1.1723955140041653E-011 
   1.2185807918285718E-011   1.3308465440786676E-011   1.3322676295501878E-011 
   1.3287149158713873E-011   1.3208989457780262E-011   1.3173462320992257E-011 
   1.2484235867304960E-011   1.7841728094936116E-011   1.7543300145916874E-011 
   8.0504491961619351E-012   8.4128259913995862E-012   8.5762508206244092E-012 
   8.3986151366843842E-012   8.5123019744060002E-012   8.5975671026972122E-012 
   7.1196382123162039E-012   6.2385652199736796E-012   7.2404304773954209E-012 
   7.2546413321106229E-012   5.1372239795455243E-012   5.1301185521879233E-012 
   5.5422333389287814E-012   5.3610449413099559E-012   4.6114223550830502E-012 
   4.5154990857554367E-012   4.2881254103122046E-012   3.4496849821152864E-012 
   3.0553337637684308E-012   3.0340174816956278E-012   2.8528290840768022E-012 
   2.8315128020039992E-012   2.5597302055757609E-012   2.2009061240169103E-012 
   1.9486634528220748E-012   1.8243184740640572E-012   1.6466827901240322E-012 
   1.3322676295501878E-012   1.4415135751733033E-012   1.1697309787450649E-012 
   8.5442763975152047E-013   7.4029671282005438E-013   5.6576965334897977E-013 
   2.0472512574087887E-013
   2.8230715543031693E-008    196963.5660992060        6.5938365878537297E-012 
   7.0485839387401938E-012   9.4786400950397365E-012   8.9244167611468583E-012 
   7.7307049650698900E-012   8.6117779574124143E-012   1.1787903986260062E-011 
   1.1283418643870391E-011   9.5496943686157465E-012   1.0487610779819079E-011 
   8.7680973592796363E-012   8.1925577433139551E-012   9.0025764620804694E-012 
   8.5904616753396112E-012   7.7591266745002940E-012   6.7572614170785528E-012 
   7.8443918027915061E-012   8.1143980423803441E-012   8.4199314187571872E-012 
   8.6188833847700153E-012   6.2243543652584776E-012   5.1656456889759284E-012 
   5.5351279115711804E-012   6.2669869294040836E-012   5.1443294069031253E-012 
   4.3982595343550202E-012   5.3645976549887564E-012   5.0484061375755118E-012 
   3.8475889141409425E-012   3.7232439353829250E-012   4.5652370772586437E-012 
   4.5190517994342372E-012   2.9771740628348198E-012   3.1654678878112463E-012 
   2.6396662633487722E-012   3.2081004519568523E-012   3.3715252811816754E-012 
   2.1369572777985013E-012   2.2435386881625163E-012   1.9682033780554775E-012 
   1.7976731214730535E-012   1.7017498521454399E-012   1.2523315717771766E-012 
   1.1652900866465643E-012   1.0142997552975430E-012   9.1926466438962962E-013 
   7.7449158197850920E-013   6.1506355564233672E-013   4.5763393075048953E-013 
   1.7064127888488656E-013
   3.0006049200892448E-008    201071.8027420836        6.0254023992456496E-012 
   7.4749095801962540E-012   9.4217966761789285E-012   1.1951328815484885E-011 
   1.2590817277668975E-011   8.8533624875708483E-012   1.0800249583553523E-011 
   1.3251622021925868E-011   1.0800249583553523E-011   9.7699626167013776E-012 
   9.1446850092324894E-012   9.3933749667485245E-012   8.9954710347228684E-012 
   6.7927885538665578E-012   8.1641360338835511E-012   8.9883656073652674E-012 
   8.1996631706715561E-012   8.8249407781404443E-012   7.8941297942947131E-012 
   6.1746163737552706E-012   7.0770056481705979E-012   6.8283156906545628E-012 
   6.0396132539608516E-012   5.4640736379951704E-012   4.6611603465862572E-012 
   6.0893512454640586E-012   5.7021054544748040E-012   4.3662851112458156E-012 
   4.6611603465862572E-012   4.0039083160081645E-012   3.4638958368304884E-012 
   3.6877167985949200E-012   3.5669245335157029E-012   2.6894042548519792E-012 
   2.4584778657299466E-012   2.7000623958883807E-012   2.7284841053187847E-012 
   2.5401902803423582E-012   2.3128166048991261E-012   2.5277557824665564E-012 
   2.6041391265607672E-012   1.5631940186722204E-012   1.3766765505351941E-012 
   1.4797052472204086E-012   1.1510792319313623E-012   1.0640377468007500E-012 
   9.2637009174723062E-013   6.1017857433398603E-013   3.0686564400639327E-013 
   1.5076828674409626E-013
   3.2363459467887878E-008    204104.2509357588        7.9012352216523141E-012 
   8.1570306065259501E-012   1.1254996934439987E-011   1.2533973858808167E-011 
   1.1326051208015997E-011   1.0473399925103877E-011   1.0388134796812665E-011 
   1.0238920822303044E-011   1.0018652574217413E-011   1.0572875908110291E-011 
   1.0665246463759104E-011   9.9973362921446096E-012   9.0878415903716814E-012 
   9.3649532573181204E-012   9.8339114629197866E-012   8.0504491961619351E-012 
   8.1143980423803441E-012   7.9509732131555211E-012   6.7146288529329468E-012 
   6.0893512454640586E-012   7.1125327849586029E-012   7.2972738962562289E-012 
   6.1461946643248666E-012   5.4853899200679734E-012   6.7927885538665578E-012 
   7.3967498792626429E-012   5.0661697059695143E-012   4.2028602820209926E-012 
   4.2810199829546036E-012   4.7641890432714717E-012   4.4124703890702222E-012 
   5.0270898555027088E-012   4.9169557314598933E-012   3.3892888495756779E-012 
   3.3466562854300719E-012   3.4177105590060819E-012   2.9807267765136203E-012 
   2.3749890942781349E-012   2.3430146711689304E-012   2.0250467969162855E-012 
   2.0961010704922955E-012   2.1831425556229078E-012   1.7852386235972517E-012 
   1.5791812302268227E-012   1.2168044349891716E-012   1.0098588631990424E-012 
   1.0507150705052481E-012   6.8256511553954624E-013   5.0004445029117051E-013 
   2.2848389846785722E-013
   3.4546246752142906E-008    204105.4178829155        7.9012352216523141E-012 
   7.8443918027915061E-012   1.0174971976084635E-011   1.2803980098397005E-011 
   1.2335021892795339E-011   1.8189894035458565E-011   1.6925127965805586E-011 
   1.1048939541069558E-011   1.2065015653206501E-011   1.0309975095879054E-011 
   1.0288658813806251E-011   9.8552277449925896E-012   8.1570306065259501E-012 
   9.2796881290269084E-012   1.0324185950594256E-011   9.1588958639476914E-012 
   7.1977979132498149E-012   9.5781160780461505E-012   1.0359713087382261E-011 
   7.4393824434082489E-012   6.6862071435025427E-012   6.4943606048473157E-012 
   6.1604055190400686E-012   6.0538241086760536E-012   5.8903992794512305E-012 
   4.9524828682478983E-012   4.7748471843078732E-012   6.4126481902349042E-012 
   6.9562133830913808E-012   5.4534154969587689E-012   4.5581316499010427E-012 
   4.4515502395370277E-012   3.9541703245049575E-012   3.5313973967276979E-012 
   3.5633718198369024E-012   3.2187585929932538E-012   2.8705926524708048E-012 
   2.7426949600339867E-012   2.4584778657299466E-012   2.6876278980125790E-012 
   2.4549251520511461E-012   1.6431300764452317E-012   1.3962164757685969E-012 
   1.2079226507921703E-012   1.2239098623467726E-012   1.0862422072932532E-012 
   8.4821039081361960E-013   6.6302519030614349E-013   3.1663560662309465E-013 
   3.0730973321624333E-013
   3.3120159059762955E-008    197851.1163139574        8.9812601800076663E-012 
   7.3185901783290319E-012   9.8054897534893826E-012   1.2789769243681803E-011 
   1.1411316336307209E-011   9.1304741545172874E-012   1.3180567748349858E-011 
   1.4281908988778014E-011   1.0430767360958271E-011   9.6989083431253675E-012 
   9.1944230007356964E-012   9.9049657364957966E-012   9.5070618044701405E-012 
   1.1930012533412082E-011   1.1702638857968850E-011   7.8941297942947131E-012 
   7.2049033406074159E-012   6.7004179982177448E-012   6.7288397076481488E-012 
   8.2636120168899652E-012   8.2920337263203692E-012   6.4588334680593107E-012 
   6.5867311604961287E-012   7.0556893660977948E-012   6.1177729548944626E-012 
   5.5919713304319885E-012   5.6239457535411930E-012   6.1248783822520636E-012 
   5.2331472488731379E-012   4.4266812437854242E-012   4.4551029532158282E-012 
   3.8404834867833415E-012   4.8743231673142873E-012   4.8352433168474818E-012 
   3.3004710076056654E-012   3.2258640203508548E-012   3.0659919048048323E-012 
   2.4584778657299466E-012   2.7338131758369855E-012   2.4424906541753444E-012 
   2.2328805471261148E-012   2.1280754936015001E-012   1.6573409311604337E-012 
   1.6235901512118289E-012   1.3820056210533949E-012   1.0089706847793423E-012 
   7.9936057773011271E-013   6.1373128801278654E-013   3.9013237085328001E-013 
   1.8418599978531347E-013
   3.0588125810027122E-008    199134.6578560772        7.3328010330442339E-012 
   8.8959950517164543E-012   1.0103917702508625E-011   8.7538865045644343E-012 
   8.6117779574124143E-012   1.1340262062731199E-011   1.3713474800169934E-011 
   1.2526868431450566E-011   1.0309975095879054E-011   9.3081098384573124E-012 
   9.8410168902773876E-012   1.0430767360958271E-011   9.5141672318277415E-012 
   8.9741547526500653E-012   8.0930817603075411E-012   7.1906924858922139E-012 
   7.6880724009242840E-012   8.0220274867315311E-012   7.9865003499435261E-012 
   6.4872551774897147E-012   6.1959326558280736E-012   6.0396132539608516E-012 
   7.0627947934553958E-012   6.4446226133441087E-012   4.8956394493870903E-012 
   4.8743231673142873E-012   4.9595882956054993E-012   4.9205084451386938E-012 
   4.2845726966334041E-012   4.5226045131130377E-012   5.0306425691815093E-012 
   3.9079850466805510E-012   3.0162539133016253E-012   3.1299407510232413E-012 
   3.0588864774472313E-012   2.6894042548519792E-012   2.3376856006507296E-012 
   2.3732127374387346E-012   2.1707080577471061E-012   2.2044588376957108E-012 
   2.0090595853616833E-012   1.7781331962396507E-012   1.2345680033831741E-012 
   1.0418332863082469E-012   1.2070344723724702E-012   1.3420375921668892E-012 
   7.8514972301491071E-013   5.1958437552457326E-013   4.5674575233078940E-013 
   1.2212453270876722E-013
   3.8620783016085625E-008    207388.8273998221        8.5833562479820102E-012 
   1.1127099242003169E-011   1.2406076166371349E-011   1.4807710613240488E-011 
   1.5504042494285386E-011   1.1198153515579179E-011   1.2029488516418496E-011 
   1.2256862191861728E-011   1.1382894626876805E-011   1.2526868431450566E-011 
   1.2242651337146526E-011   1.2711609542748192E-011   1.1844747405120870E-011 
   9.2583718469541054E-012   1.6470380614919122E-011   1.6470380614919122E-011 
   9.3223206931725144E-012   8.6970430857036263E-012   7.4606987254810520E-012 
   7.5530692811298650E-012   7.3328010330442339E-012   7.3825390245474409E-012 
   7.7307049650698900E-012   6.6364691519993357E-012   6.0254023992456496E-012 
   7.7804429565730970E-012   7.0485839387401938E-012   5.6488147492927965E-012 
   5.4249937875283649E-012   5.3077542361279484E-012   6.0289551129244501E-012 
   4.8423487442050828E-012   4.1033842990145786E-012   3.5491609651217004E-012 
   2.9665159217984183E-012   2.9629632081196178E-012   2.8954616482224083E-012 
   2.5526247782181599E-012   2.6556534749033744E-012   3.0109248427834245E-012 
   2.5313084961453569E-012   1.9415580254644738E-012   1.8403056856186595E-012 
   1.7461587731304462E-012   1.2185807918285718E-012   1.0258460747536446E-012 
   7.9225515037251171E-013   5.7243099149673071E-013   3.4794389591752406E-013 
   3.7719827261639693E-014
   3.5797711461782455E-008    199945.9356294522        8.8675733422860503E-012 
   9.8339114629197866E-012   1.1141310096718371E-011   1.7976731214730535E-011 
   2.0705215320049319E-011   1.2406076166371349E-011   1.1020517831639154E-011 
   1.2413181593728950E-011   1.0921041848632740E-011   9.0309981715108734E-012 
   8.8604679149284493E-012   9.9333874459262006E-012   9.9404928732838016E-012 
   1.0295764241163852E-011   1.0238920822303044E-011   8.0078166320163291E-012 
   7.9580786405131221E-012   9.6349594969069585E-012   9.9049657364957966E-012 
   7.5601747084874660E-012   6.4375171859865077E-012   8.6828322309884243E-012 
   8.7396756498492323E-012   5.9117155615240335E-012   5.7482907322992105E-012 
   5.4356519285647664E-012   4.9702464366419008E-012   4.8707704536354868E-012 
   4.9453774408902973E-012   4.6220804961194517E-012   4.5687897909374442E-012 
   5.3930193644191604E-012   4.5830006456526462E-012   3.2649438708176604E-012 
   3.3537617127876729E-012   3.2649438708176604E-012   2.6965096822095802E-012 
   2.5188739982695552E-012   2.1920243398199091E-012   2.0836665726164938E-012 
   1.8154366898670560E-012   1.5383250229206169E-012   1.4725998198628076E-012 
   1.3935519405094965E-012   1.1795009413617663E-012   9.6012087169583538E-013 
   8.8196117076222436E-013   5.0537352080937126E-013   5.0137671792072069E-013 
   1.0813572259849025E-013
   3.3614924177527428E-008    201682.1620040011        8.4128259913995862E-012 
   9.6065377874765545E-012   1.4821921467955690E-011   1.4509282664221246E-011 
   1.0373923942097463E-011   1.0615508472255897E-011   1.0601297617540695E-011 
   1.0714984455262311E-011   1.0878409284487134E-011   1.0565770480752690E-011 
   1.2022383089060895E-011   1.0601297617540695E-011   8.1783468885987531E-012 
   9.3578478299605194E-012   9.8339114629197866E-012   8.1641360338835511E-012 
   8.7894136413524393E-012   8.5975671026972122E-012   7.6028072726330720E-012 
   8.1143980423803441E-012   7.1196382123162039E-012   6.4446226133441087E-012 
   5.7980287238024175E-012   6.3877791944833007E-012   6.2243543652584776E-012 
   5.6630256040079985E-012   6.0325078266032506E-012   5.4178883601707639E-012 
   4.4764192352886312E-012   3.9364067561109550E-012   3.9932501749717630E-012 
   3.8582470551773440E-012   3.8440362004621420E-012   3.9896974612929625E-012 
   4.0749625895841746E-012   3.4283687000424834E-012   2.4797941478027496E-012 
   3.2542857297812589E-012   3.3946179200938786E-012   2.0161650127192843E-012 
   1.6235901512118289E-012   1.4548362514688051E-012   1.8474111129762605E-012 
   1.4299672557172016E-012   1.2869705301454815E-012   1.1288747714388592E-012 
   8.2245321664231597E-013   6.7368333134254499E-013   3.5860203695392556E-013 
   1.3899992268306960E-013
