 start
 done gen
   1.1747846620000000        21534178320.758499                1   0.00000000       2000.0000000000000     
   2.2221540999999956E-002   1138445907059.2832                2   0.00000000       2000.0000000000000     
   2.1250390000000063E-002   1190473323077.8318                3   0.00000000       2000.0000000000000     
   2.1512403000000013E-002   1175973804507.1016                4   0.00000000       2000.0000000000000     
 start
 done gen
   6.0199734000000005E-002   2698240865981.2349                1   0.00000000       4000.0000000000000     
   5.7088864000000239E-002   2845272633205.6514                2   0.00000000       4000.0000000000000     
   5.6614330000000157E-002   2869121340833.6646                3   0.00000000       4000.0000000000000     
   5.7043977999999829E-002   2847511483157.7925                4   0.00000000       4000.0000000000000     
 start
 done gen
  0.16948647200000000        2994178452189.3877                1   0.00000000       6000.0000000000000     
  0.12584238299999995        4032605949618.7402                2   0.00000000       6000.0000000000000     
  0.12635290000000010        4016312584831.8447                3   0.00000000       6000.0000000000000     
  0.14318935300000035        3544067570442.8857                4   0.00000000       6000.0000000000000     
 start
 done gen
  0.25379262700000016        4556539392296.8428                1   0.00000000       8000.0000000000000     
  0.23619044299999992        4896117250603.5752                2   0.00000000       8000.0000000000000     
  0.23632109299999993        4893410434590.3662                3   0.00000000       8000.0000000000000     
  0.23968175499999989        4824798209609.2402                4   0.00000000       8000.0000000000000     
 start
 done gen
  0.42337019200000015        5208830248493.2598                1   0.00000000       10000.000000000000     
  0.41835117399999966        5271321319155.6670                2   0.00000000       10000.000000000000     
  0.41510139599999984        5312589848288.5391                3   0.00000000       10000.000000000000     
  0.41544288199999979        5308223002362.0938                4   0.00000000       10000.000000000000     
 start
 done gen
  0.66692369999999990        5622854342108.4014                1   0.00000000       12000.000000000000     
  0.66234860600000012        5661693537858.8223                2   0.00000000       12000.000000000000     
  0.65631218200000063        5713766901251.8750                3   0.00000000       12000.000000000000     
  0.65687472699999994        5708873653164.6172                4   0.00000000       12000.000000000000     
 start
 done gen
  0.94076958800000021        6257292175988.1533                1   0.00000000       14000.000000000000     
  0.92665782899999982        6352582364466.2705                2   0.00000000       14000.000000000000     
  0.92155208900000041        6387778024341.2773                3   0.00000000       14000.000000000000     
  0.92857987000000008        6339433335336.0322                4   0.00000000       14000.000000000000     
 start
 done gen
   1.3495302939999991        6455008517504.2432                1   0.00000000       16000.000000000000     
   1.3246410239999982        6576294546649.9551                2   0.00000000       16000.000000000000     
   1.3199479829999987        6599676392247.6543                3   0.00000000       16000.000000000000     
   1.3197041509999998        6600895765766.2178                4   0.00000000       16000.000000000000     
 start
 done gen
   1.8245505810000004        6752179430206.7627                1   0.00000000       18000.000000000000     
   1.8136286330000004        6792842083674.7988                2   0.00000000       18000.000000000000     
   1.8063914039999993        6820057311565.9072                3   0.00000000       18000.000000000000     
   1.8100448900000004        6806291363525.2422                4   0.00000000       18000.000000000000     
 start
 done gen
   2.3538170100000002        7140767608948.4961                1   0.00000000       20000.000000000000     
   2.3237252950000027        7233238928270.1250                2   0.00000000       20000.000000000000     
   2.3177740690000022        7251811333643.8330                3   0.00000000       20000.000000000000     
   2.3206510000000051        7242821200775.1113                4   0.00000000       20000.000000000000     
 start
 done gen
   3.0513354980000003        7299207719701.2305                1   0.00000000       22000.000000000000     
   3.0119661999999963        7394615391899.1611                2   0.00000000       22000.000000000000     
   3.0098589569999987        7399792462235.3027                3   0.00000000       22000.000000000000     
   3.0220016749999985        7370059324139.8555                4   0.00000000       22000.000000000000     
 start
 done gen
   3.8898039060000045        7406159199429.8252                1   0.00000000       24000.000000000000     
   3.8433691640000021        7495638788030.8193                2   0.00000000       24000.000000000000     
   3.8432389190000009        7495892810612.9521                3   0.00000000       24000.000000000000     
   3.8343947599999950        7513182336604.2881                4   0.00000000       24000.000000000000     
 start
 done gen
   4.8702522819999956        7497062621857.8369                1   0.00000000       26000.000000000000     
   4.8101113150000003        7590798622172.8418                2   0.00000000       26000.000000000000     
   4.8207979609999967        7573971495545.9473                3   0.00000000       26000.000000000000     
   4.8074059799999986        7595070292440.7500                4   0.00000000       26000.000000000000     
 start
 done gen
   5.9944186310000021        7587152733577.5732                1   0.00000000       28000.000000000000     
   5.9126928660000004        7692023031321.1055                2   0.00000000       28000.000000000000     
   5.9290801770000030        7670763144480.2402                3   0.00000000       28000.000000000000     
   5.9086802770000020        7697246689660.4062                4   0.00000000       28000.000000000000     
3 total processes killed (some possibly by mpirun during cleanup)
