 start
 done gen
   7.3745784540246485E-007   3.01076531E+09   3.01076531E+09   1.2120142999999999        20872709505.160130                1   0.00000000    
   3.3712361513471742E-006   3.01076506E+09   3.01076531E+09  0.48217117700000012        52466890612.169449                1   9.99999978E-03
   3.3712361513471742E-006   3.01076506E+09   3.01076531E+09  0.95154836999999981        26586165451.578678                1   1.99999996E-02
   3.3712358646969824E-006   3.01076531E+09   3.01076531E+09   1.4237408379999996        17768698996.888649                1   2.99999993E-02
   3.3712358646969824E-006   3.01076531E+09   3.01076531E+09   1.8947007610000002        13351988303.761492                1   3.99999991E-02
   3.3712358646969824E-006   3.01076531E+09   3.01076531E+09   2.3646391760000007        10698470471.420454                1   4.99999970E-02
   3.4765869854687633E-006   3.01076531E+09   3.01076531E+09   2.8751508619999999        8798850430.5482941                1   5.99999987E-02
   3.4765869854687633E-006   3.01076531E+09   3.01076531E+09   3.3436198890000011        7566058116.6018991                1   7.00000003E-02
   3.4765869854687633E-006   3.01076531E+09   3.01076531E+09   3.8126809070000007        6635232010.5134869                1   7.99999982E-02
   3.4765869854687633E-006   3.01076531E+09   3.01076531E+09   4.2812782470000030        5908988143.3721218                1   8.99999961E-02
   3.4765869854687633E-006   3.01076531E+09   3.01076531E+09   4.7531268670000024        5322395784.4759092                1   9.99999940E-02
   7.3745784540246485E-007   3.01076531E+09   3.01076531E+09   2.2627681000003008E-002   1118012155111.9902                2   0.00000000    
   3.3712361513471742E-006   3.01076506E+09   3.01076531E+09  0.48148550999999884        52541606911.493683                2   9.99999978E-03
   3.3712361513471742E-006   3.01076506E+09   3.01076531E+09  0.95264356499999892        26555600992.276718                2   1.99999996E-02
   3.3712358646969824E-006   3.01076531E+09   3.01076531E+09   1.4221066899999997        17789117073.909557                2   2.99999993E-02
   3.3712358646969824E-006   3.01076531E+09   3.01076531E+09   1.8936821620000011        13359170249.183552                2   3.99999991E-02
   3.3712358646969824E-006   3.01076531E+09   3.01076531E+09   2.3642802070000002        10700094821.713320                2   4.99999970E-02
   3.4765869854687633E-006   3.01076531E+09   3.01076531E+09   2.8723005840000013        8807581818.1848011                2   5.99999987E-02
   3.4765869854687633E-006   3.01076531E+09   3.01076531E+09   3.3419734630000022        7569785541.4119978                2   7.00000003E-02
   3.4765869854687633E-006   3.01076531E+09   3.01076531E+09   3.8112943850000036        6637645861.0924053                2   7.99999982E-02
   3.4765869854687633E-006   3.01076531E+09   3.01076531E+09   4.2823901269999993        5907453933.3767719                2   8.99999961E-02
   3.4765869854687633E-006   3.01076531E+09   3.01076531E+09   4.7515044709999970        5324213110.6899290                2   9.99999940E-02
   7.3745784540246485E-007   3.01076531E+09   3.01076531E+09   2.3049120999999673E-002   1097569942038.1523                3   0.00000000    
   3.3712361513471742E-006   3.01076506E+09   3.01076531E+09  0.48226258200000416        52456946369.519051                3   9.99999978E-03
   3.3712361513471742E-006   3.01076506E+09   3.01076531E+09  0.95105253599999884        26600026226.101173                3   1.99999996E-02
   3.3712358646969824E-006   3.01076531E+09   3.01076531E+09   1.4228094890000023        17780330111.363182                3   2.99999993E-02
   3.3712358646969824E-006   3.01076531E+09   3.01076531E+09   1.8928467719999986        13365066192.478901                3   3.99999991E-02
   3.3712358646969824E-006   3.01076531E+09   3.01076531E+09   2.3633798980000051        10704170929.696190                3   4.99999970E-02
   3.4765869854687633E-006   3.01076531E+09   3.01076531E+09   2.8710539820000065        8811406040.6405640                3   5.99999987E-02
   3.4765869854687633E-006   3.01076531E+09   3.01076531E+09   3.3415307789999957        7570788382.0752420                3   7.00000003E-02
   3.4765869854687633E-006   3.01076531E+09   3.01076531E+09   3.8109724269999958        6638206621.6927862                3   7.99999982E-02
   3.4765869854687633E-006   3.01076531E+09   3.01076531E+09   4.2809513250000037        5909439393.1236715                3   8.99999961E-02
   3.4765869854687633E-006   3.01076531E+09   3.01076531E+09   4.7493600399999991        5326617099.3429260                3   9.99999940E-02
   7.3745784540246485E-007   3.01076531E+09   3.01076531E+09   2.3229452999999012E-002   1089049423591.7253                4   0.00000000    
   3.3712361513471742E-006   3.01076506E+09   3.01076531E+09  0.48284487899999817        52393684804.929031                4   9.99999978E-03
   3.3712361513471742E-006   3.01076506E+09   3.01076531E+09  0.95161481699999229        26584309058.735687                4   1.99999996E-02
   3.3712358646969824E-006   3.01076531E+09   3.01076531E+09   1.4212944359999966        17799283356.935665                4   2.99999993E-02
   3.3712358646969824E-006   3.01076531E+09   3.01076531E+09   1.8932284379999942        13362371857.632153                4   3.99999991E-02
   3.3712358646969824E-006   3.01076531E+09   3.01076531E+09   2.3655057139999940        10694551380.821590                4   4.99999970E-02
   3.4765869854687633E-006   3.01076531E+09   3.01076531E+09   2.8715914980000008        8809756686.3599873                4   5.99999987E-02
   3.4765869854687633E-006   3.01076531E+09   3.01076531E+09   3.3437216430000092        7565827871.1568966                4   7.00000003E-02
   3.4765869854687633E-006   3.01076531E+09   3.01076531E+09   3.8117334849999907        6636881224.6588802                4   7.99999982E-02
   3.4765869854687633E-006   3.01076531E+09   3.01076531E+09   4.2804807070000095        5910089107.1952085                4   8.99999961E-02
   3.4765869854687633E-006   3.01076531E+09   3.01076531E+09   4.7527011250000015        5322872559.1281509                4   9.99999940E-02
 start
 done gen
   6.0699621524059368E-007   2.21016617E+10   2.21016617E+10   6.1809128999996688E-002   2627983681828.1118                1   0.00000000    
   3.9454753990638586E-006   2.21016617E+10   2.21016617E+10   3.0578704499999958        53119772422.013573                1   9.99999978E-03
   3.9454753990638586E-006   2.21016617E+10   2.21016617E+10   6.0705403790000076        26757647961.936043                1   1.99999996E-02
   4.6536376501778843E-006   2.21016617E+10   2.21016617E+10   9.0893916770000089        17870654953.843052                1   2.99999993E-02
   4.6536376501778843E-006   2.21016617E+10   2.21016617E+10   12.103258059000012        13420632825.325420                1   3.99999991E-02
   4.6536376501778843E-006   2.21016617E+10   2.21016617E+10   15.123264413000015        10740629665.931890                1   4.99999970E-02
   4.6536376501778843E-006   2.21016617E+10   2.21016617E+10   18.281158013999999        8885289557.4561501                1   5.99999987E-02
   4.6536376501778843E-006   2.21016617E+10   2.21016617E+10   21.296944085999996        7627074651.8407335                1   7.00000003E-02
   4.6536376501778843E-006   2.21016617E+10   2.21016617E+10   24.314027793999998        6680644760.9673243                1   7.99999982E-02
   4.6536376501778843E-006   2.21016617E+10   2.21016617E+10   27.329131603000008        5943598382.8395472                1   8.99999961E-02
   4.6536376501778843E-006   2.21016617E+10   2.21016617E+10   30.351463331999980        5351747974.1658506                1   9.99999940E-02
   6.0699621524059368E-007   2.21016617E+10   2.21016617E+10   5.7950371000003997E-002   2802973986137.0137                2   0.00000000    
   3.9454753990638586E-006   2.21016617E+10   2.21016617E+10   3.0552819600000021        53164776451.597900                2   9.99999978E-03
   3.9454753990638586E-006   2.21016617E+10   2.21016617E+10   6.0718159649999848        26752026631.953495                2   1.99999996E-02
   4.6536376501778843E-006   2.21016617E+10   2.21016617E+10   9.0921025110000073        17865326771.610996                2   2.99999993E-02
   4.6536376501778843E-006   2.21016617E+10   2.21016617E+10   12.108236040000008        13415115287.098408                2   3.99999991E-02
   4.6536376501778843E-006   2.21016617E+10   2.21016617E+10   15.126992988999973        10737982262.444235                2   4.99999970E-02
   4.6536376501778843E-006   2.21016617E+10   2.21016617E+10   18.279300411000008        8886192509.9853287                2   5.99999987E-02
   4.6536376501778843E-006   2.21016617E+10   2.21016617E+10   21.298040882000009        7626681876.5138254                2   7.00000003E-02
   4.6536376501778843E-006   2.21016617E+10   2.21016617E+10   24.312791855999990        6680984370.7815132                2   7.99999982E-02
   4.6536376501778843E-006   2.21016617E+10   2.21016617E+10   27.331490707000000        5943085364.1070662                2   8.99999961E-02
   4.6536376501778843E-006   2.21016617E+10   2.21016617E+10   30.349349490999998        5352120724.9654264                2   9.99999940E-02
   6.0699621524059368E-007   2.21016617E+10   2.21016617E+10   5.8208674000013616E-002   2790535692325.8896                3   0.00000000    
   3.9454753990638586E-006   2.21016617E+10   2.21016617E+10   3.0548620690000234        53172083953.751419                3   9.99999978E-03
   3.9454753990638586E-006   2.21016617E+10   2.21016617E+10   6.0723435619999577        26749702275.821449                3   1.99999996E-02
   4.6536376501778843E-006   2.21016617E+10   2.21016617E+10   9.0904784240000254        17868518555.762157                3   2.99999993E-02
   4.6536376501778843E-006   2.21016617E+10   2.21016617E+10   12.110173760999999        13412968765.411591                3   3.99999991E-02
   4.6536376501778843E-006   2.21016617E+10   2.21016617E+10   15.127178361999995        10737850675.975262                3   4.99999970E-02
   4.6536376501778843E-006   2.21016617E+10   2.21016617E+10   18.281410407999999        8885166886.7364120                3   5.99999987E-02
   4.6536376501778843E-006   2.21016617E+10   2.21016617E+10   21.296188873000006        7627345125.8660784                3   7.00000003E-02
   4.6536376501778843E-006   2.21016617E+10   2.21016617E+10   24.311037569999939        6681466471.0338974                3   7.99999982E-02
   4.6536376501778843E-006   2.21016617E+10   2.21016617E+10   27.330790607999916        5943237600.7613401                3   8.99999961E-02
   4.6536376501778843E-006   2.21016617E+10   2.21016617E+10   30.348717996000005        5352232091.6952372                3   9.99999940E-02
   6.0699621524059368E-007   2.21016617E+10   2.21016617E+10   5.7387114000107431E-002   2830485296746.1636                4   0.00000000    
   3.9454753990638586E-006   2.21016617E+10   2.21016617E+10   3.0560263090000035        53151827234.482033                4   9.99999978E-03
   3.9454753990638586E-006   2.21016617E+10   2.21016617E+10   6.0723690370000440        26749590054.600433                4   1.99999996E-02
   4.6536376501778843E-006   2.21016617E+10   2.21016617E+10   9.0900486630000614        17869363346.883427                4   2.99999993E-02
   4.6536376501778843E-006   2.21016617E+10   2.21016617E+10   12.108040891000087        13415331502.616316                4   3.99999991E-02
   4.6536376501778843E-006   2.21016617E+10   2.21016617E+10   15.125974014000008        10738705636.387980                4   4.99999970E-02
   4.6536376501778843E-006   2.21016617E+10   2.21016617E+10   18.279499459000021        8886095747.0049839                4   5.99999987E-02
   4.6536376501778843E-006   2.21016617E+10   2.21016617E+10   21.301514412000074        7625438232.1518974                4   7.00000003E-02
   4.6536376501778843E-006   2.21016617E+10   2.21016617E+10   24.309742626999991        6681822382.5862665                4   7.99999982E-02
   4.6536376501778843E-006   2.21016617E+10   2.21016617E+10   27.330975215000080        5943197457.1786070                4   8.99999961E-02
   4.6536376501778843E-006   2.21016617E+10   2.21016617E+10   30.350095148000037        5351989231.2661753                4   9.99999940E-02
 start
 done gen
   1.4010765880811960E-006   3.43597384E+10   3.43597384E+10  0.17289994099996875        2935066024112.1294                1   0.00000000    
   1.0367966751800850E-005   3.43597384E+10   3.43597384E+10   9.4904350900000054        53472020785.930031                1   9.99999978E-03
   1.0367966751800850E-005   3.43597384E+10   3.43597384E+10   18.896603915000014        26855235188.433575                1   1.99999996E-02
   1.1068505045841448E-005   3.43597384E+10   3.43597384E+10   28.309442126999897        17925918148.560123                1   2.99999993E-02
   1.1068505045841448E-005   3.43597384E+10   3.43597384E+10   37.709065554999938        13457579362.708788                1   3.99999991E-02
   1.1068505045841448E-005   3.43597384E+10   3.43597384E+10   47.099396679000051        10774506218.383558                1   4.99999970E-02
   1.1068505045841448E-005   3.43597384E+10   3.43597384E+10   56.806832675999999        8933304648.3050861                1   5.99999987E-02
   1.1068505045841448E-005   3.43597384E+10   3.43597384E+10   66.214922736999938        7664023779.2867136                1   7.00000003E-02
   1.1068505045841448E-005   3.43597384E+10   3.43597384E+10   75.612152778000109        6711523528.3666306                1   7.99999982E-02
   1.1068505045841448E-005   3.43597384E+10   3.43597384E+10   85.015761220000059        5969160719.3492546                1   8.99999961E-02
   1.1909150998690166E-005   3.43597384E+10   3.43597384E+10   94.440146357000003        5373485344.6929836                1   9.99999940E-02
   1.4010765880811960E-006   3.43597384E+10   3.43597384E+10  0.12791680300006192        3967209393122.1401                2   0.00000000    
   1.0367966751800850E-005   3.43597384E+10   3.43597384E+10   9.4936615629999324        53453848026.118393                2   9.99999978E-03
   1.0367966751800850E-005   3.43597384E+10   3.43597384E+10   18.897302663999881        26854242185.936722                2   1.99999996E-02
   1.1068505045841448E-005   3.43597384E+10   3.43597384E+10   28.306551071000058        17927748990.936012                2   2.99999993E-02
   1.1068505045841448E-005   3.43597384E+10   3.43597384E+10   37.711258111999996        13456796930.318230                2   3.99999991E-02
   1.1068505045841448E-005   3.43597384E+10   3.43597384E+10   47.108083728999873        10772519326.393196                2   4.99999970E-02
   1.1068505045841448E-005   3.43597384E+10   3.43597384E+10   56.809957633000067        8932813252.1826878                2   5.99999987E-02
   1.1068505045841448E-005   3.43597384E+10   3.43597384E+10   66.260895950000076        7658706317.2664423                2   7.00000003E-02
   1.1068505045841448E-005   3.43597384E+10   3.43597384E+10   75.623186793000059        6710544264.5399523                2   7.99999982E-02
   1.1068505045841448E-005   3.43597384E+10   3.43597384E+10   85.037239521999936        5967653057.0904999                2   8.99999961E-02
   1.1909150998690166E-005   3.43597384E+10   3.43597384E+10   94.441548779999948        5373405550.3700972                2   9.99999940E-02
   1.4010765880811960E-006   3.43597384E+10   3.43597384E+10  0.12857438700007151        3946919400049.0762                3   0.00000000    
   1.0367966751800850E-005   3.43597384E+10   3.43597384E+10   9.4913267320000614        53466997473.498917                3   9.99999978E-03
   1.0367966751800850E-005   3.43597384E+10   3.43597384E+10   18.900350797000101        26849911297.971622                3   1.99999996E-02
   1.1068505045841448E-005   3.43597384E+10   3.43597384E+10   28.305446963999884        17928448296.380066                3   2.99999993E-02
   1.1068505045841448E-005   3.43597384E+10   3.43597384E+10   37.712510588999976        13456350014.205105                3   3.99999991E-02
   1.1068505045841448E-005   3.43597384E+10   3.43597384E+10   47.107658509999965        10772616564.932308                3   4.99999970E-02
   1.1068505045841448E-005   3.43597384E+10   3.43597384E+10   56.810312992999798        8932757375.6288071                3   5.99999987E-02
   1.1068505045841448E-005   3.43597384E+10   3.43597384E+10   66.215859377000015        7663915369.7410135                3   7.00000003E-02
   1.1068505045841448E-005   3.43597384E+10   3.43597384E+10   75.621743486000014        6710672341.1362410                3   7.99999982E-02
   1.1068505045841448E-005   3.43597384E+10   3.43597384E+10   85.029655376999926        5968185336.6333733                3   8.99999961E-02
   1.1909150998690166E-005   3.43597384E+10   3.43597384E+10   94.422691020999991        5374478707.5294857                3   9.99999940E-02
   1.4010765880811960E-006   3.43597384E+10   3.43597384E+10  0.12687174900020182        3999887653469.5898                4   0.00000000    
   1.0367966751800850E-005   3.43597384E+10   3.43597384E+10   9.4902283269998406        53473185777.441467                4   9.99999978E-03
   1.0367966751800850E-005   3.43597384E+10   3.43597384E+10   18.898637589999908        26852345307.077900                4   1.99999996E-02
   1.1068505045841448E-005   3.43597384E+10   3.43597384E+10   28.305727271000251        17928270753.880802                4   2.99999993E-02
   1.1068505045841448E-005   3.43597384E+10   3.43597384E+10   37.713629546999982        13455950766.222874                4   3.99999991E-02
   1.1068505045841448E-005   3.43597384E+10   3.43597384E+10   47.105808409000019        10773039664.107376                4   4.99999970E-02
   1.1068505045841448E-005   3.43597384E+10   3.43597384E+10   56.804255910999927        8933709882.4972000                4   5.99999987E-02
   1.1068505045841448E-005   3.43597384E+10   3.43597384E+10   66.218541046000155        7663605002.2224588                4   7.00000003E-02
   1.1068505045841448E-005   3.43597384E+10   3.43597384E+10   75.622870672999852        6710572316.0703344                4   7.99999982E-02
   1.1068505045841448E-005   3.43597384E+10   3.43597384E+10   85.035488709000219        5967775926.3149710                4   8.99999961E-02
   1.1909150998690166E-005   3.43597384E+10   3.43597384E+10   94.435067320000144        5373774348.8908777                4   9.99999940E-02
 start
 done gen
   1.4613760868087411E-006   6.87194767E+10   6.87194767E+10  0.24083382000026177        4801718057699.4668                1   0.00000000    
   1.1934571375604719E-005   6.87194767E+10   6.87194767E+10   21.549454162000075        53663359345.741745                1   9.99999978E-03
   1.1934571375604719E-005   6.87194767E+10   6.87194767E+10   42.924067310000282        26940972160.170448                1   1.99999996E-02
   1.1934571375604719E-005   6.87194767E+10   6.87194767E+10   64.295822125000086        17985866953.404297                1   2.99999993E-02
   1.3639510143548250E-005   6.87194767E+10   6.87194767E+10   85.665688312999919        13499174817.515730                1   3.99999991E-02
   1.3639510143548250E-005   6.87194767E+10   6.87194767E+10   107.05084759600004        10802493659.501017                1   4.99999970E-02
   1.3639510143548250E-005   6.87194767E+10   6.87194767E+10   128.93709818499974        8968839214.4576340                1   5.99999987E-02
   1.3639510143548250E-005   6.87194767E+10   6.87194767E+10   150.32895360300017        7692570690.3671350                1   7.00000003E-02
   1.3639510143548250E-005   6.87194767E+10   6.87194767E+10   171.70956472299986        6734721529.7267733                1   7.99999982E-02
   1.3639510143548250E-005   6.87194767E+10   6.87194767E+10   193.08573459299987        5989132779.9931870                1   8.99999961E-02
   1.3639510143548250E-005   6.87194767E+10   6.87194767E+10   214.41784455499965        5393282936.8750200                1   9.99999940E-02
   1.4613760868087411E-006   6.87194767E+10   6.87194767E+10  0.24062817399953929        4805821708983.3135                2   0.00000000    
   1.1934571375604719E-005   6.87194767E+10   6.87194767E+10   21.550985371000024        53659546535.451019                2   9.99999978E-03
   1.1934571375604719E-005   6.87194767E+10   6.87194767E+10   42.928121402999750        26938427879.100983                2   1.99999996E-02
   1.1934571375604719E-005   6.87194767E+10   6.87194767E+10   64.308649653999964        17982279345.342644                2   2.99999993E-02
   1.3639510143548250E-005   6.87194767E+10   6.87194767E+10   85.666871563000313        13498988363.892330                2   3.99999991E-02
   1.3639510143548250E-005   6.87194767E+10   6.87194767E+10   107.04765884899916        10802815445.326405                2   4.99999970E-02
   1.3639510143548250E-005   6.87194767E+10   6.87194767E+10   128.92687411799943        8969550454.9470272                2   5.99999987E-02
   1.3639510143548250E-005   6.87194767E+10   6.87194767E+10   150.32577285200023        7692733457.8783293                2   7.00000003E-02
   1.3639510143548250E-005   6.87194767E+10   6.87194767E+10   171.71273071900032        6734597356.6305904                2   7.99999982E-02
   1.3639510143548250E-005   6.87194767E+10   6.87194767E+10   193.07398203499997        5989497342.9944992                2   8.99999961E-02
   1.3639510143548250E-005   6.87194767E+10   6.87194767E+10   214.40720992099978        5393550444.6240015                2   9.99999940E-02
   1.4613760868087411E-006   6.87194767E+10   6.87194767E+10  0.24076880400025402        4803014689555.7949                3   0.00000000    
   1.1934571375604719E-005   6.87194767E+10   6.87194767E+10   21.548953933999655        53664605063.516418                3   9.99999978E-03
   1.1934571375604719E-005   6.87194767E+10   6.87194767E+10   42.925841881000451        26939858409.902153                3   1.99999996E-02
   1.1934571375604719E-005   6.87194767E+10   6.87194767E+10   64.306115845999557        17982987888.265373                3   2.99999993E-02
   1.3639510143548250E-005   6.87194767E+10   6.87194767E+10   85.692903579999438        13494887605.487852                3   3.99999991E-02
   1.3639510143548250E-005   6.87194767E+10   6.87194767E+10   107.04680379999991        10802901734.091766                3   4.99999970E-02
   1.3639510143548250E-005   6.87194767E+10   6.87194767E+10   128.93519286300034        8968971750.2400303                3   5.99999987E-02
   1.3639510143548250E-005   6.87194767E+10   6.87194767E+10   150.32554068299942        7692745338.8549900                3   7.00000003E-02
   1.3639510143548250E-005   6.87194767E+10   6.87194767E+10   171.69703334400037        6735213066.1633749                3   7.99999982E-02
   1.3639510143548250E-005   6.87194767E+10   6.87194767E+10   193.07693009500053        5989405890.3412399                3   8.99999961E-02
   1.3639510143548250E-005   6.87194767E+10   6.87194767E+10   214.41807598900050        5393277115.5885353                3   9.99999940E-02
   1.4613760868087411E-006   6.87194767E+10   6.87194767E+10  0.23677161500017974        4884099398482.0439                4   0.00000000    
   1.1934571375604719E-005   6.87194767E+10   6.87194767E+10   21.546932203000324        53669640369.452393                4   9.99999978E-03
   1.1934571375604719E-005   6.87194767E+10   6.87194767E+10   42.925411371000337        26940128596.676762                4   1.99999996E-02
   1.1934571375604719E-005   6.87194767E+10   6.87194767E+10   64.301653800000167        17984235770.931244                4   2.99999993E-02
   1.3639510143548250E-005   6.87194767E+10   6.87194767E+10   85.665711532000387        13499171158.673225                4   3.99999991E-02
   1.3639510143548250E-005   6.87194767E+10   6.87194767E+10   107.04976798099960        10802602604.475086                4   4.99999970E-02
   1.3639510143548250E-005   6.87194767E+10   6.87194767E+10   128.92617068900017        8969599393.3577995                4   5.99999987E-02
   1.3639510143548250E-005   6.87194767E+10   6.87194767E+10   150.31030328900033        7693525174.8948221                4   7.00000003E-02
   1.3639510143548250E-005   6.87194767E+10   6.87194767E+10   171.73755420700036        6733623916.6777554                4   7.99999982E-02
   1.3639510143548250E-005   6.87194767E+10   6.87194767E+10   193.07530827899973        5989456200.8361177                4   8.99999961E-02
   1.3639510143548250E-005   6.87194767E+10   6.87194767E+10   214.43091924700002        5392954087.3158331                4   9.99999940E-02
 start
 done gen
   3.0035153031349182E-006   6.87194767E+10   6.87194767E+10  0.42118433300038305        5235862993028.2676                1   0.00000000    
   3.0410592444241047E-005   6.87194767E+10   6.87194767E+10   40.964818098999785        53833107645.456497                1   9.99999978E-03
   3.2287789508700371E-005   6.87194767E+10   6.87194767E+10   81.625471767999443        27016854109.804417                1   1.99999996E-02
   3.2287789508700371E-005   6.87194767E+10   6.87194767E+10   122.26483094099967        18036776769.144478                1   2.99999993E-02
   3.4164986573159695E-005   6.87194767E+10   6.87194767E+10   162.89614323400019        13537849445.779331                1   3.99999991E-02
   3.4164986573159695E-005   6.87194767E+10   6.87194767E+10   203.52444892799940        10835373705.790764                1   4.99999970E-02
   3.4164986573159695E-005   6.87194767E+10   6.87194767E+10   244.97683135299849        9001926632.0835609                1   5.99999987E-02
   3.4164986573159695E-005   6.87194767E+10   6.87194767E+10   285.60305821200018        7721428041.4429455                1   7.00000003E-02
   3.6417623050510883E-005   6.87194767E+10   6.87194767E+10   326.20894538900029        6760278936.4658575                1   7.99999982E-02
   3.6417623050510883E-005   6.87194767E+10   6.87194767E+10   366.84867792499972        6011370886.9651546                1   8.99999961E-02
   3.6417623050510883E-005   6.87194767E+10   6.87194767E+10   407.46339752700078        5412175610.8261652                1   9.99999940E-02
   3.0035153031349182E-006   6.87194767E+10   6.87194767E+10  0.42050352899968857        5244339964627.5820                2   0.00000000    
   3.0410592444241047E-005   6.87194767E+10   6.87194767E+10   40.972933140999885        53822445535.227890                2   9.99999978E-03
   3.2287789508700371E-005   6.87194767E+10   6.87194767E+10   81.623147198999504        27017623530.534866                2   1.99999996E-02
   3.2287789508700371E-005   6.87194767E+10   6.87194767E+10   122.26055289299984        18037407898.277752                2   2.99999993E-02
   3.4164986573159695E-005   6.87194767E+10   6.87194767E+10   162.89691562500047        13537785254.796740                2   3.99999991E-02
   3.4164986573159695E-005   6.87194767E+10   6.87194767E+10   203.53329581599974        10834902729.593811                2   4.99999970E-02
   3.4164986573159695E-005   6.87194767E+10   6.87194767E+10   244.98327891199915        9001689716.1057110                2   5.99999987E-02
   3.4164986573159695E-005   6.87194767E+10   6.87194767E+10   285.59944431000076        7721525746.4097900                2   7.00000003E-02
   3.6417623050510883E-005   6.87194767E+10   6.87194767E+10   326.18632400299975        6760747769.3630085                2   7.99999982E-02
   3.6417623050510883E-005   6.87194767E+10   6.87194767E+10   366.85591037499944        6011252374.6606226                2   8.99999961E-02
   3.6417623050510883E-005   6.87194767E+10   6.87194767E+10   407.47347915300088        5412041703.8772545                2   9.99999940E-02
   3.0035153031349182E-006   6.87194767E+10   6.87194767E+10  0.41933696299929579        5258929350341.3467                3   0.00000000    
   3.0410592444241047E-005   6.87194767E+10   6.87194767E+10   40.971028133999425        53824948087.401855                3   9.99999978E-03
   3.2287789508700371E-005   6.87194767E+10   6.87194767E+10   81.621631328000149        27018125299.873642                3   1.99999996E-02
   3.2287789508700371E-005   6.87194767E+10   6.87194767E+10   122.25675116799903        18037968793.802143                3   2.99999993E-02
   3.4164986573159695E-005   6.87194767E+10   6.87194767E+10   162.90444489199945        13537159553.025215                3   3.99999991E-02
   3.4164986573159695E-005   6.87194767E+10   6.87194767E+10   203.53096354499939        10835026887.259983                3   4.99999970E-02
   3.4164986573159695E-005   6.87194767E+10   6.87194767E+10   244.96940416200050        9002199560.1607418                3   5.99999987E-02
   3.4164986573159695E-005   6.87194767E+10   6.87194767E+10   285.60415573300088        7721398369.5027409                3   7.00000003E-02
   3.6417623050510883E-005   6.87194767E+10   6.87194767E+10   326.18952139499925        6760681498.8073635                3   7.99999982E-02
   3.6417623050510883E-005   6.87194767E+10   6.87194767E+10   366.84332641400033        6011458580.8527269                3   8.99999961E-02
   3.6417623050510883E-005   6.87194767E+10   6.87194767E+10   407.46040738900047        5412215327.9414110                3   9.99999940E-02
   3.0035153031349182E-006   6.87194767E+10   6.87194767E+10  0.41869609199966362        5266978853009.6230                4   0.00000000    
   3.0410592444241047E-005   6.87194767E+10   6.87194767E+10   40.968068775000575        53828836172.665527                4   9.99999978E-03
   3.2287789508700371E-005   6.87194767E+10   6.87194767E+10   81.615369162000206        27020198340.617958                4   1.99999996E-02
   3.2287789508700371E-005   6.87194767E+10   6.87194767E+10   122.26027195699862        18037449345.570206                4   2.99999993E-02
   3.4164986573159695E-005   6.87194767E+10   6.87194767E+10   162.90622127400093        13537011939.469433                4   3.99999991E-02
   3.4164986573159695E-005   6.87194767E+10   6.87194767E+10   203.54635859600057        10834207389.467545                4   4.99999970E-02
   3.4164986573159695E-005   6.87194767E+10   6.87194767E+10   244.99401698799920        9001295172.4777126                4   5.99999987E-02
   3.4164986573159695E-005   6.87194767E+10   6.87194767E+10   285.60453788700033        7721388037.8627396                4   7.00000003E-02
   3.6417623050510883E-005   6.87194767E+10   6.87194767E+10   326.21085978399969        6760239263.2183180                4   7.99999982E-02
   3.6417623050510883E-005   6.87194767E+10   6.87194767E+10   366.86433614099951        6011114314.3454418                4   8.99999961E-02
   3.6417623050510883E-005   6.87194767E+10   6.87194767E+10   407.46906678900268        5412100309.3025923                4   9.99999940E-02
 start
 done gen
   5.3573785407934338E-006   6.87194767E+10   6.87194767E+10  0.65392632400107686        5734613647995.3428                1   0.00000000    
   5.6788212532410398E-005   6.87194767E+10   6.87194767E+10   69.414987545002077        54023128938.384483                1   9.99999978E-03
   5.6788212532410398E-005   6.87194767E+10   6.87194767E+10   138.35224511499837        27104835337.388187                1   1.99999996E-02
   5.6788212532410398E-005   6.87194767E+10   6.87194767E+10   207.28224059700005        18091346425.045700                1   2.99999993E-02
   5.7859688240569085E-005   6.87194767E+10   6.87194767E+10   276.21296156999961        13576534573.485785                1   3.99999991E-02
   5.7859688240569085E-005   6.87194767E+10   6.87194767E+10   345.19591890900119        10863439041.376848                1   4.99999970E-02
   5.8931163948727772E-005   6.87194767E+10   6.87194767E+10   415.16314625499945        9032629356.0187168                1   5.99999987E-02
   5.8931163948727772E-005   6.87194767E+10   6.87194767E+10   484.09542668600261        7746437201.5899277                1   7.00000003E-02
   5.8931163948727772E-005   6.87194767E+10   6.87194767E+10   553.07546738100064        6780294993.2991753                1   7.99999982E-02
   5.8931163948727772E-005   6.87194767E+10   6.87194767E+10   622.03698593199806        6028604258.6058645                1   8.99999961E-02
   5.8931163948727772E-005   6.87194767E+10   6.87194767E+10   690.96445922699786        5427218104.0906954                1   9.99999940E-02
   5.3573785407934338E-006   6.87194767E+10   6.87194767E+10  0.66023951700117323        5679779422220.4004                2   0.00000000    
   5.6788212532410398E-005   6.87194767E+10   6.87194767E+10   69.426904183001170        54013856249.666573                2   9.99999978E-03
   5.6788212532410398E-005   6.87194767E+10   6.87194767E+10   138.34048221899866        27107140023.291031                2   1.99999996E-02
   5.6788212532410398E-005   6.87194767E+10   6.87194767E+10   207.27173342600145        18092263524.870850                2   2.99999993E-02
   5.7859688240569085E-005   6.87194767E+10   6.87194767E+10   276.20148715299729        13577098592.241615                2   3.99999991E-02
   5.7859688240569085E-005   6.87194767E+10   6.87194767E+10   345.20688954300203        10863093802.572746                2   4.99999970E-02
   5.8931163948727772E-005   6.87194767E+10   6.87194767E+10   415.17790706799860        9032308219.1023617                2   5.99999987E-02
   5.8931163948727772E-005   6.87194767E+10   6.87194767E+10   484.08550203399864        7746596017.9419422                2   7.00000003E-02
   5.8931163948727772E-005   6.87194767E+10   6.87194767E+10   553.07748749899838        6780270228.2413750                2   7.99999982E-02
   5.8931163948727772E-005   6.87194767E+10   6.87194767E+10   622.03982219099998        6028576770.5215216                2   8.99999961E-02
   5.8931163948727772E-005   6.87194767E+10   6.87194767E+10   690.90984279400072        5427647125.7597809                2   9.99999940E-02
   5.3573785407934338E-006   6.87194767E+10   6.87194767E+10  0.66272413399929064        5658485378780.5684                3   0.00000000    
   5.6788212532410398E-005   6.87194767E+10   6.87194767E+10   69.420362384000327        54018946222.964195                3   9.99999978E-03
   5.6788212532410398E-005   6.87194767E+10   6.87194767E+10   138.33481921099883        27108249707.401512                3   1.99999996E-02
   5.6788212532410398E-005   6.87194767E+10   6.87194767E+10   207.29261595100252        18090440921.862774                3   2.99999993E-02
   5.7859688240569085E-005   6.87194767E+10   6.87194767E+10   276.22049262400105        13576164414.074171                3   3.99999991E-02
   5.7859688240569085E-005   6.87194767E+10   6.87194767E+10   345.17856040500192        10863985347.178183                3   4.99999970E-02
   5.8931163948727772E-005   6.87194767E+10   6.87194767E+10   415.17164606300139        9032444431.0220146                3   5.99999987E-02
   5.8931163948727772E-005   6.87194767E+10   6.87194767E+10   484.10107655100001        7746346794.1801538                3   7.00000003E-02
   5.8931163948727772E-005   6.87194767E+10   6.87194767E+10   553.06113671799903        6780470681.1502094                3   7.99999982E-02
   5.8931163948727772E-005   6.87194767E+10   6.87194767E+10   622.00478213599854        6028916384.7297821                3   8.99999961E-02
   5.8931163948727772E-005   6.87194767E+10   6.87194767E+10   690.94538250700134        5427367947.3673897                3   9.99999940E-02
   5.3573785407934338E-006   6.87194767E+10   6.87194767E+10  0.66454591699948651        5642973234011.9062                4   0.00000000    
   5.6788212532410398E-005   6.87194767E+10   6.87194767E+10   69.421269340000435        54018240491.019760                4   9.99999978E-03
   5.6788212532410398E-005   6.87194767E+10   6.87194767E+10   138.33142679099910        27108914506.215477                4   1.99999996E-02
   5.6788212532410398E-005   6.87194767E+10   6.87194767E+10   207.29065654599981        18090611920.889137                4   2.99999993E-02
   5.7859688240569085E-005   6.87194767E+10   6.87194767E+10   276.21400148900284        13576483459.146088                4   3.99999991E-02
   5.7859688240569085E-005   6.87194767E+10   6.87194767E+10   345.18588919499962        10863754689.235203                4   4.99999970E-02
   5.8931163948727772E-005   6.87194767E+10   6.87194767E+10   415.18378216999918        9032180406.4700603                4   5.99999987E-02
   5.8931163948727772E-005   6.87194767E+10   6.87194767E+10   484.10032185399905        7746358870.4883690                4   7.00000003E-02
   5.8931163948727772E-005   6.87194767E+10   6.87194767E+10   553.08120370799952        6780224670.9143801                4   7.99999982E-02
   5.8931163948727772E-005   6.87194767E+10   6.87194767E+10   622.02484439399996        6028721933.2105713                4   8.99999961E-02
   5.8931163948727772E-005   6.87194767E+10   6.87194767E+10   690.96544192600049        5427210385.4386559                4   9.99999940E-02
 start
 done gen
   8.6934960563667119E-006   6.87194767E+10   6.87194767E+10  0.93486383799972828        6296820930623.8145                1   0.00000000    
   8.6934960563667119E-005   6.87194767E+10   6.87194767E+10   108.57773677799923        54216180564.124611                1   9.99999978E-03
   9.4903998615336604E-005   6.87194767E+10   6.87194767E+10   216.53959089599812        27185191207.031101                1   1.99999996E-02
   9.4903998615336604E-005   6.87194767E+10   6.87194767E+10   324.51799583899992        18139734183.864796                1   2.99999993E-02
   9.4903998615336604E-005   6.87194767E+10   6.87194767E+10   432.51044333900063        13610469465.094608                1   3.99999991E-02
   9.4903998615336604E-005   6.87194767E+10   6.87194767E+10   540.46484617199894        10891865075.210850                1   4.99999970E-02
   9.4903998615336604E-005   6.87194767E+10   6.87194767E+10   649.91767476200039        9057562843.7181625                1   5.99999987E-02
   9.4903998615336604E-005   6.87194767E+10   6.87194767E+10   757.89105418500549        7767172009.6105404                1   7.00000003E-02
   9.4903998615336604E-005   6.87194767E+10   6.87194767E+10   865.91017367400491        6798245778.1079206                1   7.99999982E-02
   9.4903998615336604E-005   6.87194767E+10   6.87194767E+10   973.88326214399422        6044533684.0891533                1   8.99999961E-02
   9.7801830634125508E-005   6.87194767E+10   6.87194767E+10   1081.8380163980037        5441360067.9330521                1   9.99999940E-02
   8.6934960563667119E-006   6.87194767E+10   6.87194767E+10  0.92629481200128794        6355071955635.4541                2   0.00000000    
   8.6934960563667119E-005   6.87194767E+10   6.87194767E+10   108.60080807199847        54204662809.666641                2   9.99999978E-03
   9.4903998615336604E-005   6.87194767E+10   6.87194767E+10   216.53974333200313        27185172069.657616                2   1.99999996E-02
   9.4903998615336604E-005   6.87194767E+10   6.87194767E+10   324.50875168299535        18140250923.496029                2   2.99999993E-02
   9.4903998615336604E-005   6.87194767E+10   6.87194767E+10   432.51024622000114        13610475668.143316                2   3.99999991E-02
   9.4903998615336604E-005   6.87194767E+10   6.87194767E+10   540.48003256600350        10891559035.867100                2   4.99999970E-02
   9.4903998615336604E-005   6.87194767E+10   6.87194767E+10   649.93729486400116        9057289416.8687172                2   5.99999987E-02
   9.4903998615336604E-005   6.87194767E+10   6.87194767E+10   757.89626657299959        7767118591.3316593                2   7.00000003E-02
   9.4903998615336604E-005   6.87194767E+10   6.87194767E+10   865.85579083199991        6798672763.6752357                2   7.99999982E-02
   9.4903998615336604E-005   6.87194767E+10   6.87194767E+10   973.83281470999646        6044846808.8981237                2   8.99999961E-02
   9.7801830634125508E-005   6.87194767E+10   6.87194767E+10   1081.7976846259990        5441562933.6784449                2   9.99999940E-02
   8.6934960563667119E-006   6.87194767E+10   6.87194767E+10  0.92789592500048457        6344106083230.1055                3   0.00000000    
   8.6934960563667119E-005   6.87194767E+10   6.87194767E+10   108.60138813099911        54204373293.086044                3   9.99999978E-03
   9.4903998615336604E-005   6.87194767E+10   6.87194767E+10   216.53194196200639        27186151516.772060                3   1.99999996E-02
   9.4903998615336604E-005   6.87194767E+10   6.87194767E+10   324.53004999700352        18139060411.984509                3   2.99999993E-02
   9.4903998615336604E-005   6.87194767E+10   6.87194767E+10   432.49862800900155        13610841286.362373                3   3.99999991E-02
   9.4903998615336604E-005   6.87194767E+10   6.87194767E+10   540.45534086600674        10892056636.848858                3   4.99999970E-02
   9.4903998615336604E-005   6.87194767E+10   6.87194767E+10   649.93471555499855        9057325361.3221722                3   5.99999987E-02
   9.4903998615336604E-005   6.87194767E+10   6.87194767E+10   757.90704246299720        7767008158.7708712                3   7.00000003E-02
   9.4903998615336604E-005   6.87194767E+10   6.87194767E+10   865.89124912899570        6798394357.6302805                3   7.99999982E-02
   9.4903998615336604E-005   6.87194767E+10   6.87194767E+10   973.89851413299766        6044439022.1095495                3   8.99999961E-02
   9.7801830634125508E-005   6.87194767E+10   6.87194767E+10   1081.8331720679998        5441384433.7451935                3   9.99999940E-02
   8.6934960563667119E-006   6.87194767E+10   6.87194767E+10  0.92555834700033301        6360128674197.8701                4   0.00000000    
   8.6934960563667119E-005   6.87194767E+10   6.87194767E+10   108.61983595500351        54195167306.628899                4   9.99999978E-03
   9.4903998615336604E-005   6.87194767E+10   6.87194767E+10   216.54136406799807        27184968598.200363                4   1.99999996E-02
   9.4903998615336604E-005   6.87194767E+10   6.87194767E+10   324.51541494100093        18139878450.674633                4   2.99999993E-02
   9.4903998615336604E-005   6.87194767E+10   6.87194767E+10   432.49060483399808        13611093782.394342                4   3.99999991E-02
   9.4903998615336604E-005   6.87194767E+10   6.87194767E+10   540.46742097000242        10891813186.139721                4   4.99999970E-02
   9.4903998615336604E-005   6.87194767E+10   6.87194767E+10   649.92641316899972        9057441062.7458153                4   5.99999987E-02
   9.4903998615336604E-005   6.87194767E+10   6.87194767E+10   757.89531853300286        7767128307.1049376                4   7.00000003E-02
