 start
 done gen
   1.1731119750000001        21564882926.030994                1   0.00000000       2000.0000000000000     
  0.27076688300000007        93431006479.474060                2   0.00000000       2000.0000000000000     
  0.29079827900000010        86995089816.195206                3   0.00000000       2000.0000000000000     
  0.31429540900000008        80491224738.188889                4   0.00000000       2000.0000000000000     
 start
 done gen
   6.0286551999999993E-002   2694355159007.9331                1   0.00000000       4000.0000000000000     
   5.9234181000000330E-002   2742223825125.5488                2   0.00000000       4000.0000000000000     
   6.6796908000000155E-002   2431750020524.8965                3   0.00000000       4000.0000000000000     
   7.7300275999999890E-002   2101329915044.5496                4   0.00000000       4000.0000000000000     
 start
 done gen
  0.15923034499999966        3187035375700.5366                1   0.00000000       6000.0000000000000     
  0.11875049600000009        4273436823371.2437                2   0.00000000       6000.0000000000000     
  0.12150499300000028        4176558755902.3096                3   0.00000000       6000.0000000000000     
  0.13115944300000004        3869128526262.4961                4   0.00000000       6000.0000000000000     
 start
 done gen
  0.24555946600000000        4709311847094.5039                1   0.00000000       8000.0000000000000     
  0.21277917600000018        5434818031253.2041                2   0.00000000       8000.0000000000000     
  0.21311531499999958        5426245891338.2285                3   0.00000000       8000.0000000000000     
  0.22139456900000010        5223326424055.1426                4   0.00000000       8000.0000000000000     
 start
 done gen
  0.43017748599999983        5126403715140.0361                1   0.00000000       10000.000000000000     
  0.36426412600000013        6054023179872.5059                2   0.00000000       10000.000000000000     
  0.35429059299999999        6224448252285.3779                3   0.00000000       10000.000000000000     
  0.35175442199999996        6269326906713.3438                4   0.00000000       10000.000000000000     
 start
 done gen
  0.66854203499999976        5609243138167.0732                1   0.00000000       12000.000000000000     
  0.56004665199999959        6695897223933.4141                2   0.00000000       12000.000000000000     
  0.54259371400000056        6911275832436.1943                3   0.00000000       12000.000000000000     
  0.54033024299999965        6940227520079.7939                4   0.00000000       12000.000000000000     
 start
 done gen
  0.94761989699999916        6212058443513.2490                1   0.00000000       14000.000000000000     
  0.78264849400000003        7521473851325.1387                2   0.00000000       14000.000000000000     
  0.75384634699999964        7808846200325.2275                3   0.00000000       14000.000000000000     
  0.77162658700000009        7628910513940.0791                4   0.00000000       14000.000000000000     
 start
 done gen
   1.3481353229999993        6461687779988.5410                1   0.00000000       16000.000000000000     
   1.0958197890000001        7949509243987.5615                2   0.00000000       16000.000000000000     
   1.0583794310000023        8230724527752.0713                3   0.00000000       16000.000000000000     
   1.0551859999999991        8255634117965.9395                4   0.00000000       16000.000000000000     
 start
 done gen
   1.8417912950000002        6688973357537.7764                1   0.00000000       18000.000000000000     
   1.5059984610000008        8180415333372.6367                2   0.00000000       18000.000000000000     
   1.4513440630000005        8488471628798.0537                3   0.00000000       18000.000000000000     
   1.4102385079999991        8735893136170.1318                4   0.00000000       18000.000000000000     
 start
 done gen
   2.3627177269999997        7113867251396.8076                1   0.00000000       20000.000000000000     
   1.9164362379999993        8770477164396.0146                2   0.00000000       20000.000000000000     
   1.8573724549999966        9049375216668.6621                3   0.00000000       20000.000000000000     
   1.8554634710000002        9058685619578.0098                4   0.00000000       20000.000000000000     
 start
 done gen
   3.0625727190000021        7272425397191.0293                1   0.00000000       22000.000000000000     
   2.5073943869999979        8882659918947.9707                2   0.00000000       22000.000000000000     
   2.4151803269999945        9221808977744.3145                3   0.00000000       22000.000000000000     
   2.3825508609999986        9348103323616.7344                4   0.00000000       22000.000000000000     
 start
 done gen
   3.9225066719999973        7344412487056.7002                1   0.00000000       24000.000000000000     
   3.1500119949999998        9145522946619.7637                2   0.00000000       24000.000000000000     
   3.0415886849999936        9471532796157.8281                3   0.00000000       24000.000000000000     
   2.9536815069999918        9753423622054.7520                4   0.00000000       24000.000000000000     
 start
 done gen
   4.8702720319999884        7497032219657.3535                1   0.00000000       26000.000000000000     
   3.9188694359999943        9317122435104.2793                2   0.00000000       26000.000000000000     
   3.7847797080000021        9647215732324.4609                3   0.00000000       26000.000000000000     
   3.6654920010000041        9961169287080.3672                4   0.00000000       26000.000000000000     
 start
 done gen
   5.9980398499999978        7582572113521.3896                1   0.00000000       28000.000000000000     
   4.8800442419999968        9319704381155.4922                2   0.00000000       28000.000000000000     
   4.6475606030000023        9785901376529.0703                3   0.00000000       28000.000000000000     
   4.5237339819999960        10053767503431.426                4   0.00000000       28000.000000000000     
3 total processes killed (some possibly by mpirun during cleanup)
