 start
 done gen
  -26.7307129       6.87194767E+10   6.87194767E+10   1.0187812119999999        2164609472990.5562                1   0.00000000    
  -118.143555       6.87194767E+10   6.87194767E+10   45.126749087000000        48868210252.603523                1   9.99999978E-03
  -208.764160       6.87194767E+10   6.87194767E+10   91.124839800999979        24200464628.699409                1   1.99999996E-02
  -309.485352       6.87194767E+10   6.87194767E+10   135.93544428700002        16222873099.557722                1   2.99999993E-02
  -411.969971       6.87194767E+10   6.87194767E+10   180.49898961600002        12217594497.850409                1   3.99999991E-02
  -488.861572       6.87194767E+10   6.87194767E+10   224.70080568499998        9814221429.5905991                1   4.99999970E-02
  -582.842285       6.87194767E+10   6.87194767E+10   270.03969071999995        8166441964.5873623                1   5.99999987E-02
  -675.332031       6.87194767E+10   6.87194767E+10   314.64385182700005        7008760697.5156002                1   7.00000003E-02
  -771.316162       6.87194767E+10   6.87194767E+10   358.76119993199995        6146883951.8264189                1   7.99999982E-02
  -870.143311       6.87194767E+10   6.87194767E+10   403.75447264800005        5461892342.4845524                1   8.99999961E-02
  -961.331787       6.87194767E+10   6.87194767E+10   448.62679621199982        4915585696.2184143                1   9.99999940E-02
  -26.7307129       6.87194767E+10   6.87194767E+10  0.56297156800019366        3917184433014.2822                2   0.00000000    
  -118.143555       6.87194767E+10   6.87194767E+10   44.522866376999900        49531030723.107681                2   9.99999978E-03
  -208.764160       6.87194767E+10   6.87194767E+10   89.472775278999961        24647312610.158798                2   1.99999996E-02
  -309.485352       6.87194767E+10   6.87194767E+10   133.98181784300004        16459423359.848190                2   2.99999993E-02
  -411.969971       6.87194767E+10   6.87194767E+10   179.08262510199984        12314223454.921722                2   3.99999991E-02
  -488.861572       6.87194767E+10   6.87194767E+10   223.94301941499998        9847431137.4417801                2   4.99999970E-02
  -582.842285       6.87194767E+10   6.87194767E+10   269.67201052799965        8177576375.3985538                2   5.99999987E-02
  -675.332031       6.87194767E+10   6.87194767E+10   315.21400874099982        6996083299.7494946                2   7.00000003E-02
  -771.316162       6.87194767E+10   6.87194767E+10   359.85477688499986        6128203942.4052010                2   7.99999982E-02
  -870.143311       6.87194767E+10   6.87194767E+10   404.85155356300038        5447091515.3764658                2   8.99999961E-02
  -961.331787       6.87194767E+10   6.87194767E+10   449.86465727199993        4902059823.4429426                2   9.99999940E-02
  -26.7307129       6.87194767E+10   6.87194767E+10  0.43339831699995557        5088306474434.7549                3   0.00000000    
  -118.143555       6.87194767E+10   6.87194767E+10   44.633235615000558        49408550198.382751                3   9.99999978E-03
  -208.764160       6.87194767E+10   6.87194767E+10   89.510488470000382        24636928030.384937                3   1.99999996E-02
  -309.485352       6.87194767E+10   6.87194767E+10   134.45538572700025        16401451310.233063                3   2.99999993E-02
  -411.969971       6.87194767E+10   6.87194767E+10   179.35545345499941        12295491549.986822                3   3.99999991E-02
  -488.861572       6.87194767E+10   6.87194767E+10   224.41390386000057        9826768415.2749367                3   4.99999970E-02
  -582.842285       6.87194767E+10   6.87194767E+10   270.13181290000011        8163656989.2505207                3   5.99999987E-02
  -675.332031       6.87194767E+10   6.87194767E+10   315.12042418300007        6998160998.6642313                3   7.00000003E-02
  -771.316162       6.87194767E+10   6.87194767E+10   360.15111406000051        6123161573.8737020                3   7.99999982E-02
  -870.143311       6.87194767E+10   6.87194767E+10   405.15081896700030        5443068011.1240740                3   8.99999961E-02
  -961.331787       6.87194767E+10   6.87194767E+10   450.06076108700017        4899923861.5554533                3   9.99999940E-02
  -26.7307129       6.87194767E+10   6.87194767E+10  0.44534225799998239        4951839675632.3252                4   0.00000000    
  -118.143555       6.87194767E+10   6.87194767E+10   44.805460923999817        49218631321.316498                4   9.99999978E-03
  -208.764160       6.87194767E+10   6.87194767E+10   89.509062793000339        24637320440.947048                4   1.99999996E-02
  -309.485352       6.87194767E+10   6.87194767E+10   134.39766338000027        16408495556.688120                4   2.99999993E-02
  -411.969971       6.87194767E+10   6.87194767E+10   179.17441897600020        12307914684.491806                4   3.99999991E-02
  -488.861572       6.87194767E+10   6.87194767E+10   224.19156516699968        9836513968.5665932                4   4.99999970E-02
  -582.842285       6.87194767E+10   6.87194767E+10   269.91956514300000        8170076375.2774982                4   5.99999987E-02
  -675.332031       6.87194767E+10   6.87194767E+10   314.98840210700109        7001094159.8125105                4   7.00000003E-02
  -771.316162       6.87194767E+10   6.87194767E+10   359.62042041899986        6132197553.8280334                4   7.99999982E-02
  -870.143311       6.87194767E+10   6.87194767E+10   405.00156226800027        5445073964.7782364                4   8.99999961E-02
  -961.331787       6.87194767E+10   6.87194767E+10   449.57607540199933        4905206444.6003056                4   9.99999940E-02
